  -7.8079896999999998e-01	  -1.1323788000000000e-01	
   1.3594520999999999e+00	  -1.1739906000000000e-01	
   1.4516644999999999e+00	   2.7284924999999999e-01	
  -4.1643989999999997e-01	  -9.4114228000000000e-01	
   1.7814922999999999e-01	   1.4909010000000000e+00	
   1.1574485999999999e+00	  -4.5807448000000001e-01	
   1.6198182999999999e+00	  -1.8726334000000001e-02	
   4.2610431999999998e-01	   1.9381293999999999e-01	
   1.1213861000000001e+00	   1.7327753000000001e-01	
   2.9156670000000001e-01	  -1.5851739000000001e-01	
   2.0510764000000001e-01	  -4.7056582000000002e-01	
  -1.0291706000000000e-01	  -1.7140636000000000e+00	
   1.2471635000000001e+00	  -1.4605323000000001e-01	
   7.4044566000000001e-01	   1.1953788000000001e+00	
   9.0410184000000005e-01	   1.9497555999999999e-01	
  -9.1655995999999995e-01	  -1.0823316999999999e+00	
  -8.1850685000000001e-01	  -9.4306690999999998e-01	
   9.9532039000000005e-01	   1.3051462000000000e-01	
  -1.5282392000000000e+00	   6.5571310999999999e-01	
  -1.5857349000000001e+00	   3.2247931000000002e-01	
   8.9861131000000005e-01	   1.4021532999999999e+00	
  -5.3289618000000005e-01	  -4.0219582999999998e-01	
  -5.1001645999999998e-02	  -9.7203961000000005e-01	
  -1.8710039999999999e+00	  -4.5134816000000000e-01	
  -7.0563847000000002e-01	  -6.9671629999999996e-01	
   1.9597450000000001e+00	  -7.0864521999999996e-01	
  -1.6720417000000001e+00	  -2.6622722999999998e-01	
   1.0226580000000001e+00	  -7.2841840000000002e-01	
  -6.6961387000000006e-01	   1.2186367000000000e+00	
   3.7383822000000000e-01	   9.6612589999999998e-01	
   1.7977848999999999e+00	   6.0729021000000001e-02	
  -4.3431597000000000e-01	   2.2393844999999999e+00	
   4.3578817999999998e-02	   1.2588576000000001e-02	
  -8.2737384999999997e-01	  -7.5656272000000002e-01	
  -3.2538254999999999e-01	   9.6857780999999998e-01	
  -1.0293931000000001e+00	   6.8069694999999997e-01	
   6.4170545000000001e-01	   1.6542611000000000e+00	
   2.6866906000000002e-01	   1.6160228999999999e+00	
   8.9561599000000003e-01	   3.5955116999999998e-01	
  -3.5201208000000000e-01	  -4.8995967000000001e-01	
  -8.0346658000000004e-01	  -7.8224400999999999e-01	
   1.3856550000000001e+00	  -4.9794150999999998e-01	
   1.1354902000000000e+00	  -1.1378377000000001e-01	
   1.8325944999999999e-01	  -1.1635594000000000e+00	
  -1.2773774000000000e+00	  -1.1232070999999999e+00	
  -7.5754147000000005e-01	  -1.2075465000000001e+00	
   1.4541541000000000e+00	  -1.7755905999999999e+00	
  -1.7247033000000001e+00	  -4.1043906000000002e-01	
   6.4711971999999995e-01	   3.1669520000000001e-01	
   3.9919226000000002e-01	  -5.9389848000000001e-01	
   8.2375096000000003e-01	  -6.7253381999999995e-01	
  -8.7418054000000001e-01	   9.2198152000000000e-01	
   3.0949122000000001e-01	  -6.8866726000000000e-01	
   1.2101004000000000e+00	   1.9738349999999999e-01	
   1.1290928000000000e+00	   1.5061864000000000e+00	
   1.7136790000000000e+00	  -2.2462973999999999e-01	
  -9.5099840999999996e-01	  -1.3010607000000001e+00	
  -1.7769772000000000e-01	  -5.5051382000000004e-01	
  -5.0588789999999995e-01	  -1.0890759999999999e+00	
  -2.1904429000000000e-01	   5.2375627999999996e-01	
   1.1794036000000001e+00	   1.4243896000000000e+00	
  -4.3369123999999998e-01	   1.9785623999999999e+00	
  -3.8110889000000002e-02	  -7.9058028999999996e-01	
  -1.1584371000000000e+00	   3.8121328999999998e-01	
   2.7162038999999999e-01	  -1.5999870000000000e+00	
  -2.6888451000000002e-01	   1.3706909000000000e+00	
   2.9904558999999997e-01	   1.4940564999999999e+00	
  -9.7349642000000003e-01	  -4.6972609999999998e-02	
  -3.2257340000000001e-01	  -2.6362467000000001e-01	
  -5.1084779000000002e-01	   1.5305492000000001e+00	
  -1.7868681000000000e+00	  -1.4577458000000001e+00	
  -6.9625727999999998e-02	  -8.9603847000000003e-01	
   7.4022847999999997e-01	   1.5349316000000000e+00	
  -1.5201222999999999e+00	   6.5951815999999996e-01	
  -1.1169206000000000e+00	   1.5393355000000000e-01	
   1.0494568000000000e+00	  -1.0524298999999999e+00	
  -1.7946321999999999e+00	  -9.8045897000000004e-01	
  -1.2460529000000000e+00	   1.0383061000000000e-01	
   1.6013995000000001e+00	  -1.8273765000000000e-01	
  -5.2044109000000005e-01	   1.2026112000000000e+00	
   1.1794055000000001e+00	   5.8503081999999995e-01	
   6.3751093999999997e-01	   1.1114193000000001e+00	
  -3.2934016999999999e-01	  -9.5485403000000002e-01	
   6.9789126000000001e-01	   1.0197229000000001e+00	
  -1.0715250000000001e+00	  -3.9009625999999999e-02	
  -5.2868276999999997e-01	  -1.0244430000000000e+00	
  -1.4328710000000000e+00	  -1.1822877000000001e+00	
  -1.7738620999999999e-01	  -1.4530084000000001e+00	
  -7.4761520999999997e-01	  -5.7011270000000003e-01	
  -7.4732635999999997e-01	  -7.1958339000000004e-01	
   9.7281565999999997e-01	   6.5329948999999998e-01	
   1.6783957999999999e-03	   2.6233034999999999e-01	
  -1.0387208000000001e+00	  -3.5935991000000000e-02	
   1.8099888000000000e+00	  -2.1758501000000000e-01	
  -3.6939000000000000e-01	  -9.8375716000000002e-01	
   3.2053014000000002e-01	   3.9347114999999999e-01	
  -1.8514231000000001e+00	   5.4478934999999995e-01	
   1.0266382000000001e+00	   1.6072379000000001e+00	
   3.1658853999999997e-01	  -1.1335390000000001e+00	
  -2.4659536999999999e-02	  -1.4955493000000000e+00	
  -9.8993302999999999e-01	   2.3110075999999999e-01	
  -5.9826246999999999e-01	  -1.3514393000000000e+00	
   1.8375486999999999e-01	   1.6995412999999999e+00	
   8.1933944000000003e-01	   4.6239189000000000e-02	
  -8.9707692999999999e-01	  -9.7166781999999996e-01	
  -1.2301473000000001e+00	  -3.3570347000000000e-01	
  -7.8680452999999995e-01	  -1.1321154999999999e-01	
   8.3903605999999997e-01	  -8.1896338999999999e-02	
   1.5669970000000000e+00	   4.8344426000000001e-01	
  -1.3866991000000000e+00	  -2.8248617999999998e-01	
  -2.3001172000000000e-01	   1.9998558000000000e+00	
  -1.8405796999999999e+00	  -8.6529224000000005e-01	
  -1.8741075000000000e+00	  -1.0988367000000001e+00	
  -1.9767508000000000e+00	  -8.7982903999999995e-01	
  -2.3441774000000001e-01	  -6.5611103000000004e-01	
   2.2243936000000000e-01	   2.1397415000000000e-01	
   1.1205812000000000e-01	   2.3829855999999999e-01	
   8.9639363000000005e-01	  -1.2730642999999999e+00	
   9.0796637000000002e-01	  -5.0571569999999999e-01	
  -2.5870738999999998e-01	   1.3374132000000001e+00	
   1.1915156000000000e+00	   1.1260052000000000e-01	
   3.2483536000000002e-01	  -1.5295309000000001e-01	
   2.1773921000000001e+00	   1.1275113999999999e+00	
  -5.5817998000000002e-01	  -1.7296611000000000e+00	
   2.9072535999999999e-01	   1.3384497000000000e+00	
   1.8043632999999999e+00	   1.3170599999999999e+00	
  -1.2678162000000000e-02	  -1.1226673000000000e+00	
   2.0310077000000000e+00	   9.8364163999999998e-01	
   7.3100008000000005e-01	   1.7405424000000000e+00	
   1.1570524000000000e+00	   8.4701881000000001e-01	
   1.4231399000000000e+00	   1.4929893000000001e+00	
  -1.5510273999999999e+00	  -1.5950093000000001e+00	
   9.2272133000000001e-01	   2.4554608999999999e-01	
  -3.3003208000000001e-01	   3.0110198999999999e-01	
  -5.1354781999999999e-01	  -1.0718939000000001e+00	
   7.6925686999999998e-01	   7.7155496999999995e-01	
   3.6906011000000000e-01	   4.9002706000000001e-01	
   9.7540167000000000e-01	  -1.3443601999999999e+00	
  -1.0483650000000000e+00	   2.1912176000000000e-01	
   1.7303700000000000e+00	   1.6833123000000001e+00	
   5.5373198999999998e-02	  -1.3946586999999999e-01	
   1.1479767999999999e+00	  -1.1370210999999999e+00	
   1.6598885999999999e+00	   6.7197346999999996e-01	
   3.2764922000000002e-01	   5.5290152999999997e-01	
   6.6515562000000004e-03	   1.1805237000000000e-02	
   5.5740381999999999e-01	   1.3800489000000000e+00	
   1.4622758000000000e+00	  -1.1099346000000000e-01	
   1.1879573999999999e+00	  -9.6605110999999999e-01	
  -6.4158981999999998e-01	  -1.3495277000000001e+00	
   8.0872341999999997e-01	   7.4065554000000000e-01	
   1.4715786000000000e+00	   1.2056872999999999e+00	
   9.4915874999999997e-02	  -1.5594661000000001e+00	
   4.0382319999999999e-01	   9.9854674999999993e-03	
   2.1960546000000000e-01	   2.0808870000000002e+00	
  -1.5133147000000000e+00	  -6.2638612999999999e-01	
   1.6187719000000000e-01	  -7.9140462000000000e-01	
  -2.4861159999999999e-01	   2.3369701999999999e-02	
  -1.1031362000000000e+00	   3.2163998999999999e-01	
   1.1384304999999999e+00	  -1.5726405999999999e+00	
   1.3988172999999999e+00	   4.3039546000000001e-01	
   3.1672954000000003e-02	  -8.2063107000000002e-01	
  -1.2480869999999999e+00	  -6.8908406000000000e-01	
   1.7650524000000001e-01	  -1.0714077000000000e+00	
   1.5469020000000000e+00	   1.1025130000000001e+00	
   1.4175878000000000e-01	  -6.9800549999999995e-01	
  -1.8870054000000001e+00	  -4.1757578000000001e-01	
  -8.5036427000000003e-01	  -9.1999354000000000e-01	
  -3.3840081000000001e-02	   1.5222097000000001e+00	
  -3.2399498999999998e-01	  -1.0266485999999999e+00	
  -5.2656245999999997e-02	  -7.4585889000000005e-01	
  -2.4110334999999999e-01	  -3.7411031000000000e-01	
   1.0966894000000000e+00	   1.3123755000000001e-01	
   5.0689094999999995e-01	   1.0166014000000001e+00	
   1.0941694000000000e+00	  -6.4317055999999995e-01	
   5.2286913999999995e-01	   1.0524509000000000e+00	
  -9.4119109999999995e-01	   9.7597259999999997e-01	
  -6.6398250000000003e-01	   1.1830357000000000e+00	
   2.7097377000000000e-01	  -3.8154744999999997e-02	
   4.8701752999999998e-01	   1.3334155000000001e+00	
  -8.3555650999999997e-01	   9.5856134999999998e-01	
  -1.6344947999999999e+00	   5.2418123000000005e-01	
   2.0333318999999999e+00	  -4.2684694000000001e-01	
   2.9212452000000000e-02	  -1.2130175999999999e+00	
  -1.1807928000000001e+00	  -7.5829117000000001e-01	
   1.5179326000000000e+00	  -1.3389576000000001e+00	
   1.0955401000000000e+00	   7.3996967999999996e-01	
   1.0068757000000000e-01	   1.9315043999999999e+00	
   5.3323717999999999e-02	  -1.0183500000000001e+00	
   5.3454922000000005e-01	   1.9910060999999999e+00	
   1.2223588999999999e+00	   3.2470649000000001e-01	
  -4.3597654000000002e-01	  -9.5363909999999996e-01	
   1.3057945000000000e+00	   1.6222150000000000e+00	
   1.2166924000000000e-01	   5.9927617000000000e-01	
  -7.8637270999999997e-01	  -6.3969524000000000e-01	
  -1.2231105000000000e+00	   8.3577927999999996e-02	
  -8.5620372000000000e-01	  -2.3465501000000000e-01	
   2.4464778000000001e-01	  -6.8073713000000002e-01	
  -2.9395697000000002e-03	   5.1293875000000000e-01	
  -1.4616264000000001e+00	   8.2910587999999993e-02	
  -4.1511849000000001e-01	  -1.2959472999999999e+00	
   8.2381888999999997e-01	   5.8665701000000003e-01	
  -1.0713649000000001e+00	  -6.1608719000000001e-01	
   9.2518665000000000e-01	   8.9528454999999996e-01	
  -8.8563718000000002e-01	  -1.2681404999999999e+00	
  -1.5289326999999999e+00	   6.7890541999999998e-01	
  -6.5366479000000000e-01	  -1.0200349000000000e+00	
   1.0938971000000000e+00	   1.0263110000000000e+00	
  -1.0365825000000000e+00	   1.0427955000000000e+00	
   6.2741959999999997e-01	   2.3434893000000001e-01	
  -7.4923572000000005e-01	   1.0089513000000000e-02	
  -4.7439809999999999e-01	   2.6350694000000002e-01	
   9.6598145999999996e-02	  -1.0641972000000000e+00	
   9.7276737000000002e-01	   4.5654275000000000e-01	
  -8.8895732999999999e-01	  -8.8411974999999998e-01	
  -6.2611643000000002e-03	  -9.5935756999999999e-01	
  -1.5023268999999999e+00	  -1.2235811999999999e+00	
  -8.5198160999999994e-01	  -5.9008342000000003e-01	
  -3.0515044000000002e-01	   1.1773659999999999e+00	
   1.0891833000000000e+00	  -1.5861428000000000e+00	
   3.9321228000000003e-01	   1.6378191000000000e+00	
  -1.3857665999999999e-01	  -3.6282428999999999e-01	
  -1.8446054000000001e+00	   9.3182607000000001e-02	
   1.2987687000000001e+00	   5.5509565999999999e-01	
  -7.2850356999999999e-01	   1.4951734000000001e+00	
   3.4110478999999999e-01	  -1.4284197999999999e+00	
  -2.9500945000000001e-01	  -1.2243035000000000e+00	
  -8.5287893000000004e-01	   3.5809592000000001e-01	
   3.6964398999999998e-01	   1.0337225999999999e+00	
   5.6868167000000003e-01	   1.4430329000000000e+00	
   3.5116600999999997e-01	  -4.0232674000000003e-02	
  -9.5869355000000001e-01	   1.0708578000000000e+00	
  -2.0934205000000001e+00	  -1.2220629000000001e+00	
  -9.4602430999999998e-01	   1.0165137000000000e+00	
   1.6347110000000000e+00	  -2.1571566999999998e+00	
  -4.0909582000000000e-01	   3.4864232000000001e-01	
   5.7039582000000000e-01	   1.4158457000000000e+00	
   9.4246869000000000e-01	   2.4778306000000000e-01	
  -8.0619774000000000e-01	   9.4121359999999998e-01	
  -1.1222665000000001e+00	  -2.9652056999999998e-01	
   6.5983355000000000e-03	  -9.9376171999999996e-01	
   4.3009733999999999e-01	  -6.5434225000000001e-01	
  -8.6105293000000005e-01	  -9.7185120999999997e-01	
  -6.3048077000000002e-01	   9.4882376999999996e-01	
  -5.6501875999999995e-01	  -8.5269373999999998e-01	
  -1.1789616000000001e+00	   7.3222858000000002e-01	
  -2.0088888999999999e-01	   7.2603653000000004e-02	
   1.0519803000000001e+00	   6.5120458000000003e-01	
  -1.8694775999999999e-01	  -1.3825517000000001e+00	
   4.2746274000000001e-01	   1.7653683000000000e+00	
   1.3503163000000000e+00	  -1.5074023000000001e+00	
   2.2037453999999999e+00	   1.2566866000000001e+00	
  -5.8056434999999995e-01	  -1.3360535000000000e+00	
   1.6497828000000001e+00	   4.0415204000000003e-02	
  -1.7516593000000000e-01	  -9.0900404000000001e-01	
  -4.8785083000000001e-01	  -1.3062487000000000e+00	
   6.7746810999999996e-01	   9.6414299000000003e-01	
  -9.0442162000000004e-01	   9.5288994000000005e-01	
   9.0919348000000000e-01	   1.1785919000000000e-01	
  -2.2625171999999999e-01	  -1.0584940000000000e+00	
  -1.1139205000000001e+00	   2.7579850000000000e-01	
   1.4612620999999999e+00	  -1.0604665000000000e+00	
   2.0545482000000001e-01	  -1.2805162999999999e+00	
  -2.5482104000000000e-01	   3.8661792000000000e-01	
  -8.2775445000000003e-01	  -8.2041911000000001e-01	
   8.5069740000000005e-01	   1.4647140999999999e+00	
  -6.5898120000000004e-02	  -1.3294087000000001e+00	
   6.3546764000000000e-01	   5.5913387000000003e-01	
   1.0538206999999999e+00	  -3.6193322000000000e-01	
  -1.8112646999999999e+00	  -1.2111571999999999e+00	
  -1.2075560999999999e+00	  -8.5427989000000004e-01	
   7.5687886000000004e-01	  -2.0816024999999999e-01	
   8.1198994999999996e-01	   7.0836317999999998e-01	
   7.2540428000000001e-01	   1.3887719999999999e+00	
   9.2624649000000003e-01	   9.7221676999999995e-01	
  -1.0017696000000000e-01	  -1.0525296000000000e+00	
  -1.0633934000000000e+00	  -1.0668127000000001e+00	
   1.4891498000000001e+00	   1.5458016999999999e+00	
   1.0837772999999999e+00	   8.8001653999999999e-02	
   6.8982719999999997e-01	   1.5699836000000000e+00	
  -4.7213744000000002e-01	  -1.1575158000000001e+00	
   6.8583505000000000e-01	  -1.8990602000000001e-01	
   8.4621579999999996e-01	   1.8684320999999999e+00	
  -7.7879971000000003e-01	   1.0888092000000000e+00	
  -1.8316279999999999e-01	   1.1455403000000000e+00	
   9.4499016999999996e-01	   3.0946213000000000e-01	
   2.2699267000000001e+00	   2.8397686999999999e-01	
  -1.0271798999999999e+00	   1.3081782000000000e+00	
  -2.0619516999999998e+00	  -1.2300846999999999e+00	
   1.8965334000000000e-01	   9.6933395000000000e-01	
   8.0178435000000003e-01	   8.5217546000000000e-01	
   7.2412617999999995e-01	  -5.7404964000000003e-01	
  -4.1278047000000001e-01	   5.5380023000000000e-02	
   4.0487816999999998e-01	  -5.5507377000000002e-01	
  -1.0333748000000000e+00	  -1.0923034000000000e+00	
  -5.2916224000000001e-01	   3.6536665000000002e-01	
   4.7075207000000002e-01	   2.0290016000000000e+00	
  -1.3690255000000000e+00	  -1.7742432999999999e-01	
  -6.2114848999999996e-03	   1.5595574000000001e+00	
   1.3488492999999999e+00	  -4.6148810000000001e-01	
   2.5972735000000002e-01	  -1.1745110999999999e+00	
  -5.1069703000000000e-01	  -7.3367161000000003e-01	
   5.0117982999999999e-01	   5.5262894000000000e-02	
  -5.4406911999999996e-01	  -8.3055144999999997e-01	
  -1.5528751000000001e+00	  -1.0164641999999999e+00	
  -2.2745679000000001e-02	   1.6322233000000000e-01	
  -7.3144737000000004e-01	  -9.0615340000000000e-01	
   1.0997332000000000e+00	   1.5756559000000001e+00	
   1.4105970000000001e+00	   9.0660356999999997e-02	
   4.5007745999999998e-01	  -1.0377732000000001e-01	
   1.0077921000000001e+00	   1.8211020000000000e+00	
  -1.6161700000000001e+00	   5.9348199000000001e-01	
  -2.9039884999999999e-01	   6.9996075000000002e-01	
  -7.1073861999999999e-01	   9.5999274000000001e-01	
  -5.5460863000000005e-01	  -1.0169448999999999e+00	
  -7.1696640000000000e-01	   4.5502732000000001e-01	
   1.7476465000000001e+00	   1.6036899000000000e-02	
  -2.3868144999999999e-01	  -1.1678700000000000e+00	
   3.7897685000000000e-02	  -1.6385204000000000e+00	
   2.2033097000000001e+00	   1.1390547000000000e+00	
  -1.7452967000000000e-01	  -9.4553595000000001e-01	
   1.4319776000000000e+00	   4.8350282000000000e-01	
   3.9558852999999999e-01	  -6.0610733999999999e-01	
  -8.2894767999999996e-01	   1.0629145000000000e+00	
  -6.0646867999999998e-01	  -9.9659182999999996e-01	
  -6.3251268000000005e-01	   2.5687511000000002e-01	
  -1.6331304000000000e+00	  -3.6253646000000000e-01	
  -5.7240913999999998e-01	   1.1601303000000001e+00	
  -1.2797437000000000e-01	  -1.1410435000000001e+00	
   4.2813703000000002e-02	  -1.0429725000000001e+00	
  -5.8161392999999995e-01	  -7.5229396000000004e-01	
   1.4267928999999999e+00	   4.9783908999999998e-01	
   1.2229764000000001e+00	  -6.0718780000000006e-01	
  -5.8003101000000001e-01	  -1.0916804000000000e+00	
   1.4133013999999999e+00	  -1.4768801000000000e+00	
  -5.6736341000000001e-01	  -1.1443280000000000e+00	
  -1.7663845000000000e+00	  -9.2289518999999998e-01	
   5.8204681000000003e-01	   2.3211921999999999e-01	
  -9.1410773999999995e-01	  -5.2242891999999996e-01	
  -1.5143320000000000e+00	  -2.4799822999999999e-01	
   1.0992953000000001e+00	  -3.1324287000000001e-01	
   3.8790891999999999e-01	   1.6365126000000001e+00	
  -1.8675305000000000e-01	  -2.6701244000000002e-01	
   3.1819821999999998e-01	   1.3952118000000000e+00	
   1.1982340000000000e+00	   6.9141589000000003e-02	
   9.5310877999999999e-01	   7.1885383999999997e-01	
   7.0093026000000003e-01	   5.6424229000000004e-01	
   1.7871827000000000e-02	  -6.9987021999999999e-01	
  -4.7890714000000001e-01	   7.1929299000000002e-02	
   4.0915291999999998e-01	   1.7615540000000001e+00	
  -1.5869198000000000e+00	   1.3847920999999999e-01	
  -1.2949762000000000e+00	  -2.3016995000000001e-01	
   2.2876020000000000e-01	   1.6280481000000000e+00	
   3.8928446000000000e-01	  -8.0439963999999997e-01	
  -1.2614497000000000e+00	  -4.5689270999999998e-01	
   6.1640216000000003e-01	  -1.0708375999999999e+00	
  -1.2015431999999999e+00	   4.5479870999999999e-01	
   5.5056384999999999e-02	   1.3447727000000000e+00	
   5.2239636000000000e-01	   1.4599533000000000e+00	
  -1.2033913000000001e+00	   9.3202193000000000e-01	
  -7.0849707999999997e-02	   4.3862669999999998e-01	
   1.5249997000000000e+00	   3.5572880000000001e-01	
   8.0471585000000001e-01	   1.2121481999999999e+00	
   3.5720036999999999e-01	  -1.0729076000000000e+00	
  -1.6011797000000001e+00	   6.8223392999999999e-01	
  -7.3967959999999999e-02	   1.9679567000000000e+00	
   7.5833611999999995e-01	  -1.4517363999999999e+00	
   1.3083391000000000e+00	  -1.8063924000000000e+00	
   1.6174659000000000e+00	  -9.1923261999999994e-01	
  -5.8432143000000003e-01	   9.3727701999999996e-02	
  -1.1063848000000001e+00	  -8.2129156000000003e-01	
   4.0879905000000000e-01	  -5.7167852999999998e-02	
   5.7473595000000000e-01	   1.4166871000000001e+00	
   8.0775286999999996e-01	  -8.3143918999999999e-01	
   6.6014572000000005e-01	   8.3503077999999997e-01	
   1.1147870000000000e+00	   4.2773733000000003e-01	
   3.6694054999999998e-01	  -4.5113908000000003e-01	
   5.6910399000000000e-01	   4.8110807999999999e-01	
   1.0909409000000001e+00	   1.2126866999999999e+00	
  -4.3416177000000000e-02	  -4.4181755000000000e-01	
  -1.7828037000000001e+00	  -4.9106822000000000e-01	
  -1.5910198000000000e+00	  -9.8007661999999995e-01	
  -2.9629812999999999e-01	   5.3799465000000002e-01	
   8.0192982999999995e-01	   1.2108433999999999e+00	
  -1.8184146000000001e+00	  -8.4740592000000003e-01	
   3.2927480999999997e-01	   6.0596196000000002e-01	
  -1.5049458000000000e+00	   2.8241166000000001e-01	
   1.7710611000000001e-01	   7.3113684000000001e-01	
   1.0606188000000001e+00	  -2.3214694999999999e-01	
   1.4435971000000001e+00	   9.4570107000000000e-02	
  -2.8541775000000003e-01	   1.3862633000000000e+00	
   2.0758509000000000e-01	  -1.2118290000000000e+00	
  -5.3582593000000001e-01	  -8.1398183000000002e-01	
   4.3127681000000001e-01	   2.6648561999999998e-01	
  -8.7145958999999995e-01	  -8.2542256000000003e-01	
   1.4726140000000001e+00	   5.7425382999999997e-01	
  -5.0808671000000000e-02	  -1.1858750000000000e+00	
  -3.8295866000000001e-01	  -1.0431550999999999e+00	
  -1.0422929000000001e+00	  -1.0733162999999999e+00	
  -1.7794243999999999e+00	  -5.8200306000000002e-01	
  -6.5306279000000000e-01	   4.3280002000000001e-01	
