   1.2678586999999999e+00	  -1.9443617999999999e-01	
  -1.0725247000000000e-02	  -9.6049509000000000e-01	
   1.8057592000000000e+00	  -5.4683628999999997e-02	
   4.1510353999999999e-01	   9.8647815999999999e-01	
   5.4296275000000005e-01	   9.1303884999999996e-01	
  -1.6177632000000000e+00	  -7.1156575000000000e-01	
   2.8906475999999998e-01	   5.9814062999999995e-01	
  -5.0195721999999998e-01	  -1.0413592000000000e+00	
  -1.0824969000000000e+00	   3.5641537000000001e-01	
   1.1840375999999999e+00	  -9.1671183999999994e-01	
  -1.3484391000000000e+00	  -6.8832623000000004e-01	
   1.7030959999999999e+00	   2.2954125999999999e-03	
  -1.3465345000000001e-01	  -1.1249985000000000e+00	
  -6.8464163000000000e-01	   9.8932304999999998e-01	
   5.9543758000000002e-01	   4.2868257999999998e-01	
   1.7490269000000000e-01	  -8.8724276000000002e-01	
   9.3502353999999999e-01	   5.5599723999999995e-01	
   1.0598494000000001e+00	   7.6332109999999997e-01	
  -5.2837385999999997e-01	   9.5319600000000004e-01	
   8.0265167000000004e-01	   3.4942334000000003e-01	
  -5.2840321000000001e-01	  -1.2334316999999999e+00	
   5.3767105999999998e-01	  -1.2534501000000000e+00	
   1.7420355999999999e+00	   1.9467158000000001e-01	
  -9.2613411000000001e-01	   9.1568985999999997e-01	
  -1.6089388000000000e+00	  -3.6391116000000001e-01	
   1.1488804000000000e-01	   1.4102984999999999e+00	
  -3.7573484000000001e-01	  -9.7481746999999996e-01	
   1.0764472000000000e+00	   6.8334704999999996e-01	
   5.0117982999999999e-01	   5.5262894000000000e-02	
  -1.5263470000000001e-01	  -1.1461914000000000e+00	
   1.3342227000000001e-01	   2.0480991000000000e+00	
  -2.5456778000000002e-01	  -1.4199165000000000e-01	
  -1.5128556000000000e+00	   3.4808384999999997e-01	
  -9.6682405000000005e-01	   5.9230835000000004e-01	
  -6.4472567999999997e-01	  -2.3804019000000001e-01	
  -1.7898248999999999e-01	   1.8969854000000000e-01	
   4.6151849000000000e-01	   1.8917740000000001e+00	
   2.8077105000000002e-01	   3.4345515999999998e-01	
   1.2342062000000000e+00	  -5.8184227999999998e-02	
   8.1118281999999997e-01	  -1.6476875000000000e+00	
   1.1244626000000000e+00	  -9.0817950000000003e-01	
  -2.3212375000000001e+00	   8.6108806999999996e-02	
   9.2332888999999996e-01	  -1.0173760999999999e+00	
  -8.7418054000000001e-01	   9.2198152000000000e-01	
   1.8544137999999999e+00	   1.3761645000000000e+00	
   8.3317067000000000e-01	   6.5292781000000000e-01	
  -1.9317901000000000e+00	   5.2530259000000001e-01	
   2.0028220999999999e+00	   1.2838172999999999e+00	
  -6.3371303000000001e-01	  -9.6858429999999995e-01	
   1.2274586999999999e+00	  -9.9737796000000004e-02	
   1.7648619999999999e+00	   1.3301919000000000e+00	
  -1.2436657000000000e+00	   9.9979731000000002e-02	
   6.1899241000000005e-01	   1.6480404000000000e+00	
   6.3092897999999997e-01	  -6.7378769000000005e-01	
  -1.4026345000000000e+00	   2.4676342000000001e-01	
  -1.2997493000000000e+00	   4.6884871000000000e-01	
   1.6187711000000000e+00	  -1.3053079000000001e-01	
  -1.1584371000000000e+00	   3.8121328999999998e-01	
   2.9886458999999999e-01	  -8.1947585999999994e-01	
   8.3314284000000005e-01	  -2.5439434000000000e-01	
  -2.2499202000000000e+00	   1.6699850999999999e-01	
   5.7518915999999998e-01	  -1.8991419000000001e-01	
   2.1632118999999999e+00	   1.1594654000000000e+00	
   1.0019000000000000e+00	   2.5398185000000001e-01	
  -5.2909742000000004e-01	  -3.5692331999999999e-01	
  -1.6982972000000001e+00	  -1.7903100000000001e+00	
  -4.5479297000000002e-01	   4.9412267999999998e-01	
  -4.5138956000000002e-01	   7.2285429000000001e-01	
  -7.3369317999999994e-01	  -1.0949884000000001e+00	
   1.4391669000000000e+00	   2.7597727000000000e-01	
  -1.0190881000000001e+00	  -3.0452551000000000e-01	
   1.6671915000000001e-01	   8.7023382000000005e-01	
  -1.3408876999999999e+00	   1.4602407000000001e-01	
   2.9803840999999998e-01	   5.0916296000000005e-01	
   4.9771286999999997e-01	   5.6719856999999996e-01	
  -1.4265015000000001e+00	   1.2451127000000000e+00	
   3.7405534000000001e-01	  -1.3886817000000000e+00	
   1.2902849999999999e+00	  -4.9861970000000000e-01	
   1.1143875999999999e+00	   3.7484867999999999e-01	
   3.1877399000000001e-02	   1.3892510000000000e+00	
  -1.2512255999999999e+00	  -1.2773740000000000e+00	
   1.2855846000000000e+00	  -1.5056512999999999e-01	
  -9.3550122999999996e-01	   1.8103887000000001e+00	
   3.6986385999999999e-01	   3.1232020999999999e-01	
   3.3592195000000002e-01	   6.1079415999999997e-01	
  -2.3882634999999999e-01	  -1.4153035000000000e+00	
  -8.2350661999999997e-01	   1.1009268000000001e+00	
   9.4249941000000004e-01	   1.8874103000000000e+00	
   1.7057965000000000e-01	  -8.8613750000000002e-01	
  -2.4149276000000000e-01	   8.9708834999999998e-01	
  -1.2792342000000001e+00	  -1.1663843000000000e+00	
   1.5669970000000000e+00	   4.8344426000000001e-01	
   3.4612432999999998e-02	   1.6992966000000000e+00	
  -1.0939121000000001e+00	   2.8885884000000001e-01	
  -3.5701390000000000e-01	  -9.4448288999999996e-01	
  -1.5217566000000000e+00	  -3.3494444000000002e-03	
   1.3702070000000000e+00	  -8.0045018000000001e-01	
  -1.8075505999999999e+00	  -4.8768675000000000e-01	
   1.3380732000000000e+00	  -2.7202423000000000e-02	
   2.3230181000000001e+00	   1.3237686000000000e+00	
  -9.5290036000000000e-01	   1.0564007000000000e+00	
   4.3127681000000001e-01	   2.6648561999999998e-01	
   1.5034892000000000e+00	  -6.0758934000000001e-02	
   7.9319123999999996e-01	   8.3618660000000000e-01	
  -1.5101195999999999e+00	  -2.7648352999999998e-01	
   5.6808941000000002e-01	   2.4408015000000000e-01	
   2.4386424000000000e+00	  -4.4801291999999998e-01	
   8.1189518999999999e-01	  -1.9526175000000001e-01	
  -4.2855165000000001e-01	   1.1261690000000000e+00	
  -6.4098023999999998e-01	   5.1578791999999996e-01	
   9.0796637000000002e-01	  -5.0571569999999999e-01	
   2.2246644999999998e+00	   1.1791820000000000e+00	
   1.4578108999999999e+00	   3.7283884000000003e-02	
   3.0840056999999998e-01	  -1.0558369000000001e+00	
  -1.8954481999999999e+00	   1.0568194000000000e-01	
   7.3462651000000004e-02	  -1.0099992000000000e+00	
  -3.1001390000000001e-01	  -1.3761814999999999e+00	
   4.3578817999999998e-02	   1.2588576000000001e-02	
   1.2229764000000001e+00	  -6.0718780000000006e-01	
   8.9861131000000005e-01	   1.4021532999999999e+00	
   1.2481294000000001e+00	  -2.0249058000000000e-01	
  -3.7688618000000002e-01	  -9.7266576999999999e-01	
  -1.0050664000000000e+00	  -1.2855472999999999e+00	
   1.2184984000000001e+00	  -3.6142971000000002e-01	
   9.2272133000000001e-01	   2.4554608999999999e-01	
  -1.0333748000000000e+00	  -1.0923034000000000e+00	
  -1.1127424000000000e-01	  -1.3305921999999999e+00	
   4.6895894999999999e-01	   1.9086786000000000e+00	
   1.5549310999999999e+00	  -4.6608041000000000e-01	
   8.5077002999999995e-01	   9.5044698999999999e-01	
   3.7538757000000000e-01	   1.2733087999999999e+00	
   1.6013995000000001e+00	  -1.8273765000000000e-01	
   1.6441528999999999e+00	   1.7429391000000000e-01	
  -2.5364804000000001e-02	  -7.9034859000000002e-01	
  -1.8301159000000000e+00	  -9.6423687000000002e-01	
  -7.1936811000000001e-01	  -3.8426547999999999e-01	
  -1.6617502000000000e+00	   7.4962052999999995e-01	
   1.3255182999999999e+00	   1.4267322000000000e+00	
  -6.4158981999999998e-01	  -1.3495277000000001e+00	
   7.4156681999999996e-01	   7.4356796000000003e-01	
   9.2429066000000004e-01	   8.6064719999999995e-01	
  -1.7658251000000000e+00	   4.5721464000000001e-01	
   2.7544469000000000e+00	   1.4719528000000000e+00	
   1.1468096000000001e+00	   5.6450918000000005e-01	
   2.5972735000000002e-01	  -1.1745110999999999e+00	
  -1.5003555000000000e+00	  -3.8974809999999999e-01	
   1.2177199999999999e+00	   4.2342247000000000e-01	
  -2.0627792999999999e+00	  -3.3170990000000000e-01	
  -1.0663346000000000e+00	   2.5630520000000001e-01	
  -1.2745223000000001e+00	   1.8368240000000000e-01	
  -8.1708166000000004e-01	  -7.8257619000000000e-01	
   5.7365125000000003e-02	  -1.3364809999999999e-01	
   6.2741959999999997e-01	   2.3434893000000001e-01	
  -2.1811688999999999e+00	  -1.8767373999999999e+00	
  -9.0328478000000001e-01	   1.0095032000000000e-01	
  -2.2428092999999999e-01	  -1.0155666999999999e+00	
   1.3920204000000000e+00	  -8.7155605999999997e-01	
  -9.8562938000000000e-01	  -1.2729798000000001e+00	
  -5.1249014000000004e-01	  -9.5433928999999995e-01	
  -6.5600590999999997e-01	  -3.3392865999999999e-01	
   1.3414117999999999e+00	  -6.8898742000000002e-01	
  -1.3738864000000000e+00	   6.4832215999999998e-01	
  -1.1534631000000000e+00	  -6.5858214000000004e-01	
  -2.2276908000000001e-01	   1.6451829000000000e+00	
  -2.6354543000000001e-02	  -9.5162276999999995e-01	
  -5.6168899999999999e-01	  -1.0126261999999999e+00	
   1.0514490000000001e+00	  -7.2321785999999999e-01	
  -4.7745510000000002e-01	   6.7598634000000002e-01	
  -3.6419014000000000e-01	  -8.2779572999999995e-02	
   5.6918753000000000e-01	  -8.5814058000000004e-01	
  -7.1487307000000000e-01	   8.5857000000000003e-02	
   3.6606002999999998e-01	   1.6428578999999999e-01	
  -1.5684582000000000e+00	  -5.6056282999999996e-01	
  -1.1276197999999999e-02	  -7.7978725999999998e-01	
   8.0977745999999995e-01	   1.9311256999999999e+00	
  -1.3702493000000000e+00	   1.4995643000000000e-01	
  -8.7865789999999999e-01	  -9.7537826000000005e-01	
   1.2505795000000000e-01	  -1.2397575999999999e+00	
  -1.6398238000000001e+00	  -1.1596709999999999e+00	
   2.4595301999999999e-01	  -7.6674730000000002e-01	
   6.8475653000000003e-01	   5.4557997000000003e-01	
  -9.5618378000000004e-01	   1.1122182000000000e+00	
  -1.8238844000000001e+00	  -8.9857381999999997e-01	
  -4.0475632000000000e-01	  -1.0897958999999999e+00	
  -1.7794243999999999e+00	  -5.8200306000000002e-01	
  -3.2257340000000001e-01	  -2.6362467000000001e-01	
  -7.6483230000000002e-01	  -1.1344548999999999e+00	
  -1.5491176000000000e+00	   3.8561701999999998e-01	
   6.0335724999999996e-01	   1.8027601000000000e+00	
   1.1615382999999999e+00	  -3.5669916000000002e-01	
   1.4267928999999999e+00	   4.9783908999999998e-01	
  -4.3369123999999998e-01	   1.9785623999999999e+00	
  -1.2337065000000000e+00	  -1.1499028000000000e+00	
  -5.8064002000000003e-01	  -1.8235562999999999e-01	
  -1.6577934999999999e+00	  -7.3468361999999998e-01	
  -1.4156414000000000e-01	   2.3132210000000000e-01	
  -7.5503198000000005e-01	  -7.5902223000000002e-01	
  -3.7222646999999998e-01	  -1.1074818000000000e+00	
  -1.1985749999999999e+00	  -1.4002749000000001e+00	
   8.7626256999999996e-01	  -9.6904619000000003e-01	
  -5.7261839000000003e-01	  -7.8913546000000001e-01	
   8.0245263000000000e-01	   1.3269242000000001e-01	
   7.1000068000000005e-01	   5.2857935000000002e-02	
  -1.5256554000000000e+00	  -1.7234574000000000e+00	
   6.9774093000000004e-01	  -6.5509364000000003e-01	
  -6.7815528000000003e-01	  -4.1682033000000002e-01	
   5.3268777000000000e-01	   1.7622026000000000e+00	
   9.2725890000000000e-01	  -1.1184318000000000e+00	
   7.9916043999999997e-01	  -8.3424796000000001e-01	
  -6.3942010999999999e-01	   5.2192196000000002e-01	
  -1.1350991000000001e-01	   8.4578284000000004e-01	
  -1.0293931000000001e+00	   6.8069694999999997e-01	
   6.1506161999999998e-01	   5.5755040000000000e-01	
   2.6213730000000002e+00	   1.1160291000000000e+00	
  -7.1245621999999997e-01	  -1.0981685999999999e+00	
   1.3787269000000000e+00	   1.3129571000000001e-01	
  -8.3505240999999997e-01	  -1.0601977000000000e+00	
  -6.9273304000000002e-01	  -1.1287785000000000e-01	
   1.1319011000000001e+00	   4.0473959999999998e-01	
  -3.0515044000000002e-01	   1.1773659999999999e+00	
  -4.3168233000000000e-01	   1.1333061000000000e+00	
  -6.3313741999999995e-01	  -6.9818007999999998e-01	
  -1.7738620999999999e-01	  -1.4530084000000001e+00	
  -4.8845228000000002e-01	  -5.6582337999999999e-01	
   2.5090121999999999e+00	   1.1086065000000001e+00	
  -1.5428630999999999e+00	  -6.1768480999999997e-01	
   1.4634062000000001e+00	   6.6503491999999997e-02	
   4.2484783999999998e-01	  -1.2066751000000000e+00	
  -6.6646576999999996e-01	  -1.1042316000000001e+00	
  -5.1971590000000001e-01	   1.3549929999999999e+00	
   1.3878056000000001e+00	   6.0909526999999998e-02	
  -4.4591169000000003e-01	  -1.2755728000000000e+00	
  -1.5937211000000000e+00	  -1.3567948999999999e+00	
   1.1466685000000001e+00	  -1.5596078000000000e+00	
  -6.2072581000000004e-01	   1.5243724000000001e+00	
  -6.2081304999999998e-01	  -1.1164343000000001e+00	
  -1.9758004000000001e-01	  -6.6075099999999998e-01	
  -8.2403634999999997e-01	   8.5813764000000003e-01	
   1.3038963000000001e-01	   1.3827290999999999e+00	
   5.1002181999999996e-01	  -1.1463276000000000e+00	
   1.1409868000000001e+00	  -2.8598446000000000e-01	
  -7.1417964000000000e-01	  -1.6531545999999999e+00	
  -5.1997576000000001e-01	  -1.1657169000000001e+00	
   6.3915973000000004e-01	  -8.1531330999999996e-01	
   1.7103524000000001e-01	   1.5881992000000000e+00	
  -1.1914098000000000e+00	   3.0862044000000000e-01	
  -1.1104164000000001e+00	   1.1031114000000000e+00	
  -8.2586126999999998e-01	  -9.6624171000000003e-01	
  -2.9828644999999998e-01	  -1.2553683000000000e+00	
  -2.3467139000000001e-01	   3.5155378999999998e-01	
  -5.1339972000000000e-01	   1.2880172000000001e+00	
  -8.1415839000000001e-01	   2.2988343999999999e-01	
   7.9628909999999997e-01	   4.2920023000000002e-01	
  -1.0271798999999999e+00	   1.3081782000000000e+00	
  -4.6815813000000001e-01	  -2.0562945999999999e-01	
   9.1188069999999999e-01	  -1.1365695000000001e-01	
   2.2098624000000000e+00	   1.2070345000000000e+00	
   5.6863353999999999e-01	  -5.3826046000000005e-01	
   8.2252840000000005e-01	  -1.2052064000000000e+00	
  -2.4659536999999999e-02	  -1.4955493000000000e+00	
  -6.1454010000000003e-01	  -1.3629855000000000e+00	
  -1.2983174000000000e+00	   5.7725727000000004e-01	
   9.7365139999999994e-01	   8.9797300999999996e-01	
  -1.0745556999999999e+00	   7.0743281000000002e-01	
   9.2966190000000004e-01	   6.4971694000000002e-01	
   6.3606578000000003e-01	   1.3382400000000001e+00	
  -1.4165922000000000e+00	  -3.2687852000000001e-01	
  -1.6161700000000001e+00	   5.9348199000000001e-01	
  -7.5611642000000001e-01	  -9.4340237000000005e-01	
   1.3664774000000000e+00	  -6.4291752000000002e-01	
  -9.4575105000000004e-01	  -1.9702600000000001e-01	
  -5.9903828000000003e-01	   1.4445649000000000e+00	
  -3.7723990000000002e-01	   6.0723737000000000e-01	
  -7.9180810000000001e-01	  -1.3207172000000000e-01	
  -1.3060722000000000e+00	  -9.0281405999999997e-01	
  -1.8112646999999999e+00	  -1.2111571999999999e+00	
   1.5055360000000000e+00	   1.5242694000000001e+00	
  -1.4736045000000000e+00	  -2.1241892000000001e-01	
   1.2045348000000000e+00	  -7.7832232999999995e-01	
   1.2119238999999999e+00	   7.5243283999999999e-01	
  -1.5148773000000000e+00	   2.1278577000000001e-01	
   3.8446924999999998e-01	  -3.1427972999999998e-01	
   1.7113480000000001e+00	  -4.2410037000000000e-01	
  -7.1148633999999999e-01	  -1.1295287000000001e+00	
   1.9539517000000000e+00	  -1.0241541000000001e+00	
  -1.0315936000000001e+00	  -4.2186886000000001e-01	
  -7.4418571000000000e-01	  -1.3920047000000000e+00	
  -3.8426052999999999e-01	  -1.0804590999999999e+00	
  -1.3853344000000001e-01	  -1.2657654000000000e+00	
  -2.1118611999999999e+00	  -1.4534853000000001e+00	
  -1.1248475000000000e+00	   4.9392303999999998e-01	
  -7.6965835000000005e-01	   3.6425100999999999e-01	
  -1.5231288999999999e+00	   3.8776514000000001e-01	
   5.6324125999999997e-01	   1.3658880000000001e-01	
   1.3615615000000001e+00	   2.5758975000000001e-01	
  -1.1641020000000000e+00	   1.0255456000000001e+00	
  -8.5390787999999995e-01	  -3.7862458999999998e-01	
   1.0507536000000000e+00	  -4.6662573000000002e-01	
  -2.5061513000000002e-01	   8.4582155999999997e-01	
  -4.2182123999999999e-01	  -2.4074846999999999e-01	
  -5.6169354000000005e-01	  -1.1159855999999999e+00	
   8.0516664000000004e-01	   4.1974967000000002e-01	
   3.7937546999999999e-01	   1.7439325000000001e+00	
   1.2267011000000001e+00	  -4.9320889000000001e-01	
   1.1447579999999999e+00	   2.1214522999999999e-01	
  -2.6853577000000001e-01	   9.6090911999999995e-01	
   5.2694065999999995e-01	  -1.0202093000000001e+00	
  -1.7285094000000001e+00	   8.7048270000000005e-01	
  -4.7979892000000002e-01	  -9.1298975999999998e-01	
   1.2640031000000000e+00	   1.2138542999999999e+00	
  -1.5887058999999999e+00	  -6.7951516999999995e-01	
  -6.6628461000000000e-02	   6.5618388000000000e-02	
  -7.7937392999999999e-01	  -1.0398166000000000e+00	
   1.3250607999999999e+00	   1.6265940000000001e+00	
  -7.0219460000000000e-01	  -1.1999180000000000e+00	
  -5.2626099999999998e-01	   1.1855822000000000e+00	
  -4.5332523000000002e-01	  -7.3661158000000004e-02	
   5.9512224000000002e-01	   1.0203552000000000e+00	
   1.0165004000000000e+00	   5.4055415000000002e-02	
  -3.9485337999999998e-01	  -7.5602765000000005e-01	
  -2.0692585000000001e+00	  -5.2132822999999995e-01	
  -1.0697604000000001e+00	   1.3047622000000001e+00	
   1.2615698000000000e-01	  -8.6478969999999999e-01	
   2.6196357999999997e-01	  -1.1582888000000000e+00	
  -1.7247033000000001e+00	  -4.1043906000000002e-01	
   4.7064895000000001e-01	  -4.4480850999999999e-01	
   2.3782832000000001e-01	  -5.5086995000000005e-01	
   6.1358882000000003e-01	  -1.5722332999999999e-01	
  -4.3009489000000001e-01	  -1.3989589000000000e+00	
   1.2130067000000000e+00	   8.2737324000000008e-03	
   7.2387663000000002e-01	   4.1694882000000000e-01	
  -2.6113213999999999e-02	  -1.3766404000000001e+00	
  -7.2005965999999999e-01	  -1.3895107000000000e+00	
   2.7593876000000001e-01	  -2.1764969000000001e-01	
  -3.9427327000000001e-01	  -3.3768111000000001e-01	
   1.0342541999999999e+00	   8.0538516000000004e-01	
   9.7965084000000002e-01	  -8.3234989000000004e-01	
  -1.4783922999999999e-01	  -1.3709437000000000e+00	
   2.3509935000000001e-01	  -1.0641925000000001e+00	
   1.2374928999999999e+00	  -6.8721146000000000e-01	
  -1.7742720999999999e+00	   1.0147883000000000e+00	
   8.7491721000000000e-01	   1.8188184000000001e+00	
   1.6758822000000000e+00	  -2.9326725999999997e-01	
  -9.6490746999999999e-01	  -9.7827799999999998e-01	
   1.7948653000000001e+00	  -8.3448677999999998e-01	
   1.5090072999999999e+00	  -1.1549437000000000e+00	
  -1.4247329000000000e+00	   8.2983415000000005e-01	
  -8.6873990999999995e-01	  -3.9275567999999997e-02	
  -1.3918166000000001e+00	  -9.4282836000000003e-01	
   2.9904558999999997e-01	   1.4940564999999999e+00	
  -4.6835810999999999e-01	  -1.1696438000000000e+00	
   9.6125218000000001e-01	  -1.3302932999999999e+00	
   5.3454922000000005e-01	   1.9910060999999999e+00	
  -8.0722276000000004e-01	   9.9181474000000003e-01	
   8.8429259000000004e-01	  -7.6603737999999999e-01	
   4.5757647000000001e-01	  -7.0900890999999999e-01	
  -1.4186164000000001e+00	  -3.5961485999999998e-01	
  -3.3663507999999998e-01	   5.5943209999999999e-01	
  -1.7604331000000000e+00	  -6.3182852000000000e-01	
   7.6222782000000000e-01	   3.4356817000000001e-01	
   8.2881914000000001e-01	  -3.0478043999999999e-01	
   1.0077921000000001e+00	   1.8211020000000000e+00	
   1.5260766000000001e-01	  -8.7469370000000002e-01	
   4.3096994000000000e-01	  -1.3289896000000001e+00	
  -1.0580674000000001e+00	  -8.8104643999999999e-01	
  -9.9912890000000004e-02	   1.9724600999999999e+00	
  -1.1869232000000001e+00	  -9.7569561000000005e-01	
  -1.1369773999999999e+00	   1.1613947000000000e+00	
  -1.7936396999999999e+00	  -7.2769308000000005e-02	
   1.9433676000000000e+00	   1.2496630000000000e+00	
  -4.8364575999999998e-01	   6.1475387000000004e-01	
   7.9203944000000004e-01	   9.8772510000000002e-01	
   5.2398648999999997e-01	  -2.3063028999999999e-01	
   1.4291783000000000e-01	  -7.8564730999999999e-01	
   1.4070123000000001e+00	   9.0039857000000001e-01	
   6.4042206999999995e-01	   1.3521228000000001e+00	
   1.2136393999999999e+00	   1.3145967000000001e+00	
  -1.5554155000000001e+00	  -1.0964902000000001e+00	
  -2.1042916000000000e-01	   1.1021325999999999e-01	
   9.3317508000000005e-01	   7.1120492000000002e-01	
   1.3240445999999999e+00	  -1.4762578000000000e+00	
   7.0031012999999998e-01	   1.1414430000000000e+00	
  -4.5445970000000002e-02	   1.7466075999999999e+00	
  -3.2758408000000000e-01	   2.3158369000000001e-01	
  -2.2300887000000000e-01	  -1.2827459999999999e+00	
   1.2562321999999999e+00	   3.0535748000000001e-01	
   9.9885325999999997e-01	  -1.1218707999999999e+00	
  -9.6998806000000004e-01	  -1.6030047000000001e+00	
  -2.1410529000000000e-01	   1.5793841000000000e+00	
  -5.1538307000000005e-01	   6.2463811000000002e-01	
  -8.8838278999999998e-01	  -1.5856015999999999e+00	
   1.2029512000000000e+00	   1.5407105000000001e+00	
   1.2446633000000000e+00	   1.4536024000000001e+00	
   1.1213861000000001e+00	   1.7327753000000001e-01	
   4.3471190999999998e-01	   1.3070980000000001e+00	
   3.7656635999999999e-01	  -6.4258459999999995e-01	
  -8.9464150000000006e-02	   1.6478409000000001e+00	
   3.4134976000000000e-01	  -1.3214040000000000e+00	
   1.2223588999999999e+00	   3.2470649000000001e-01	
   5.6281784000000001e-01	   6.6052465000000005e-01	
