  -8.7695016000000003e-01	   2.6338971999999999e-01	
   7.2540428000000001e-01	   1.3887719999999999e+00	
  -2.0254923000000001e-02	  -1.4154374999999999e+00	
  -1.2797437000000000e-01	  -1.1410435000000001e+00	
  -3.6874368000000002e-01	   6.9156748000000001e-01	
  -3.4309426999999998e-01	  -1.3910822000000000e+00	
  -1.5964155000000000e+00	  -4.1443108999999999e-02	
  -1.5148773000000000e+00	   2.1278577000000001e-01	
   5.6914766000000006e-01	   1.1475759000000001e+00	
   9.8496777000000002e-01	   1.1601602000000000e+00	
  -1.5479533000000001e+00	   1.0498329000000000e+00	
   6.2379340000000005e-01	   1.1013244000000000e+00	
   2.8366018999999998e-01	   2.3725969000000000e+00	
   1.3566020999999999e+00	  -1.0601579000000001e+00	
  -5.7240913999999998e-01	   1.1601303000000001e+00	
   3.6168113000000002e-01	   1.5918994000000000e+00	
  -5.6283340999999998e-01	   1.2944358000000000e+00	
  -9.1656194000000002e-01	  -8.6272722000000002e-01	
   1.3380732000000000e+00	  -2.7202423000000000e-02	
   3.7405534000000001e-01	  -1.3886817000000000e+00	
   1.8965334000000000e-01	   9.6933395000000000e-01	
  -1.3744919000000000e+00	  -2.0495643000000000e-01	
  -3.2538254999999999e-01	   9.6857780999999998e-01	
   1.3858127000000001e-01	  -8.0318822999999995e-01	
  -3.0682824000000001e-02	   6.7801564999999997e-01	
  -2.0290689000000000e+00	   3.5911987000000001e-01	
   1.2105901999999999e+00	  -1.3178498000000000e-01	
  -2.8360574000000001e+00	  -1.7708113000000000e-01	
   2.4837177000000001e+00	   1.2059143000000001e+00	
   8.7768745999999997e-01	  -8.5603362000000005e-01	
   1.9798728999999999e+00	   1.2740783000000000e+00	
  -1.3853344000000001e-01	  -1.2657654000000000e+00	
  -6.5366479000000000e-01	  -1.0200349000000000e+00	
  -8.4372119999999995e-01	   3.7078243999999999e-01	
  -1.6252051999999999e+00	  -1.3162054000000001e+00	
  -3.1429718000000001e-01	  -9.1855891000000001e-01	
   2.5432628000000002e-01	   2.4237787000000002e+00	
   9.8288372000000002e-01	  -1.3112512999999999e+00	
  -1.7996734999999999e+00	   6.7626052999999997e-01	
   9.7518766000000001e-01	   1.4764851999999999e+00	
   1.8942120000000000e+00	  -2.4258929000000001e-01	
   1.4431027999999999e+00	  -4.4702651000000003e-02	
   4.4889127000000001e-01	  -4.8884456000000000e-02	
  -2.9898068000000000e-01	  -1.4018093000000000e+00	
  -1.2944164999999999e-01	  -1.6919594000000000e+00	
  -2.4119107000000001e-01	   7.7424433000000004e-01	
   2.8330028000000002e-01	  -1.5592708000000000e+00	
  -1.5519343000000001e+00	  -1.4686505000000001e+00	
  -3.4500318000000002e-01	   3.7622552999999997e-01	
   9.7273020000000002e-02	  -1.3298246000000000e+00	
   1.8216349999999999e+00	  -6.4307300000000001e-01	
  -8.3279314000000004e-01	  -1.2304543999999999e+00	
   3.2272571000000000e-01	  -7.9636309000000005e-01	
   1.2129036000000000e-01	   1.6310168000000000e+00	
  -1.0271798999999999e+00	   1.3081782000000000e+00	
  -5.0902643999999997e-01	  -8.2441025999999995e-01	
  -1.4594297000000001e+00	  -1.0806677000000001e-01	
  -9.6372192999999995e-01	   1.0829469000000000e-01	
   1.7710611000000001e-01	   7.3113684000000001e-01	
  -1.8514231000000001e+00	   5.4478934999999995e-01	
  -1.7663845000000000e+00	  -9.2289518999999998e-01	
   1.3123471000000000e+00	   2.0752117000000000e-01	
  -1.0155802000000000e-01	   1.5735204000000000e+00	
  -4.1165656000000000e-01	  -6.8893371999999997e-01	
   1.6509751999999999e-02	  -6.3919157999999998e-01	
  -3.5541348000000000e-01	   1.2752505999999999e+00	
  -7.8610480000000005e-01	  -1.0201313000000001e+00	
   5.1665159999999999e-01	   1.4623455000000001e+00	
  -4.8579829000000002e-01	  -1.5277966000000001e+00	
   1.3333660999999999e-01	  -2.2739438000000001e-01	
  -1.2015431999999999e+00	   4.5479870999999999e-01	
   6.0769113999999999e-02	  -1.2310779000000001e+00	
  -6.4253760999999998e-01	   1.6846095999999999e+00	
  -2.5870738999999998e-01	   1.3374132000000001e+00	
  -9.8936294000000002e-01	   4.7959010000000002e-01	
  -7.4999656000000003e-01	  -8.8086995000000001e-01	
   8.7969045999999995e-02	  -1.2522784000000000e+00	
   1.4984721000000001e+00	   6.3663842999999998e-01	
  -5.1563088000000001e-01	  -9.1525420000000002e-01	
   1.5469020000000000e+00	   1.1025130000000001e+00	
  -1.4026415999999999e+00	   9.7950066999999996e-01	
   1.4740405999999999e+00	  -2.0486601000000002e+00	
  -1.4024665999999999e+00	  -3.8631273999999999e-01	
  -3.3949204999999999e-01	   8.0579451000000002e-01	
   5.9817286999999997e-01	   1.3258438000000000e-01	
  -1.1709165000000001e-01	   1.4678306000000001e+00	
  -1.1936422000000000e+00	  -3.2780294999999998e-01	
  -1.9394376000000000e+00	   5.9815967000000003e-01	
  -5.3943063999999996e-01	   1.4054224000000000e+00	
   2.3447887000000001e-01	  -4.1266092999999998e-01	
   1.2886219000000001e+00	   2.8286780000000000e-01	
   1.8704507000000001e-01	  -1.0228708000000000e+00	
  -6.3609543999999996e-01	   1.3474185999999999e+00	
  -1.6394367999999999e+00	  -1.2080360000000000e-01	
  -2.3441774000000001e-01	  -6.5611103000000004e-01	
  -8.7219997999999999e-01	   2.5977966000000002e-01	
  -2.2300887000000000e-01	  -1.2827459999999999e+00	
   5.7795763999999999e-02	  -1.3176969000000001e+00	
   5.3269948000000000e-01	   5.4053108999999999e-01	
   6.2510213000000003e-01	   1.6701442000000000e+00	
  -3.5564653000000002e-01	  -1.1597364999999999e+00	
   1.4544539999999999e+00	   1.3329540000000000e+00	
  -9.0700634999999996e-01	   4.1616017999999999e-01	
   1.1191002999999999e+00	  -1.2170775000000000e+00	
   4.8701103000000001e-01	   1.4539945000000001e+00	
   1.0585388000000000e+00	   9.1337603999999994e-01	
  -1.8579531000000000e+00	  -1.4675210000000001e+00	
  -5.5041673999999996e-01	   2.3603399999999999e-01	
  -1.0677234000000000e+00	  -7.0920236000000003e-01	
   6.6102729999999998e-01	   1.6935321000000001e+00	
   7.1020419000000001e-01	   1.7029949000000000e+00	
   4.3946721000000001e-02	   2.0340379999999998e+00	
   2.7463351000000003e-01	  -9.8719398999999997e-01	
  -5.0059593000000002e-01	  -1.4349406000000000e+00	
  -1.0689047000000000e+00	  -1.1107062999999999e+00	
   1.2351924000000001e+00	   9.0788371000000001e-01	
  -2.0026511999999999e+00	  -2.0964038999999999e+00	
   1.8043632999999999e+00	   1.3170599999999999e+00	
  -3.6677599999999998e-02	  -1.4405234000000000e-01	
   1.2223588999999999e+00	   3.2470649000000001e-01	
   3.3268667000000002e-01	  -8.4472338000000002e-01	
   1.5960141000000001e-02	  -1.1321958999999999e+00	
   1.1639265000000001e+00	   1.5082084000000001e-01	
   1.6613804000000001e+00	   1.4178039000000000e+00	
  -1.4377244000000000e+00	  -2.2515773000000000e-01	
   1.0992953000000001e+00	  -3.1324287000000001e-01	
   5.7365125000000003e-02	  -1.3364809999999999e-01	
   1.2101575000000001e-01	  -1.2997631999999999e+00	
   1.3033097000000000e+00	  -3.4578889000000002e-01	
  -1.9612968000000000e+00	   4.4518121999999999e-01	
  -6.9890531000000006e-02	  -1.2020952000000000e+00	
   1.8544137999999999e+00	   1.3761645000000000e+00	
   5.2693139000000000e-01	   1.1840468000000000e+00	
  -7.3738952000000002e-01	  -6.7720392000000004e-02	
  -1.2075552000000001e+00	  -1.2197925999999999e+00	
  -5.4724041000000001e-01	   1.7056047999999999e+00	
  -8.0428336000000000e-01	   6.8688139000000004e-01	
  -2.7799659999999998e-01	  -1.0854553000000000e+00	
  -8.3918151999999996e-02	   1.0046828999999999e+00	
  -1.0225304000000000e+00	   9.6768609000000005e-01	
   2.4692243999999999e-01	   1.6496002999999999e+00	
   1.8162563999999999e-02	   1.6764460999999999e+00	
   1.4463214999999999e-01	  -4.1468707999999999e-01	
   2.9022583000000002e-01	  -4.8055458000000001e-01	
   5.8355977999999997e-01	   6.7857973999999999e-01	
  -6.4709654000000005e-01	  -1.2185429999999999e+00	
  -1.1180239000000000e-01	  -8.4108115000000006e-01	
  -2.5624693000000001e+00	  -7.8385908000000004e-02	
   9.0818191000000004e-01	   1.4833818999999999e+00	
   8.6195129000000004e-01	  -1.2353323000000000e+00	
  -1.2167231000000001e+00	   5.6918199000000003e-01	
  -5.4232833000000003e-01	  -7.3935589000000002e-01	
  -4.3939737000000001e-01	  -8.8370612000000004e-01	
   6.4567576000000004e-01	   1.2330623000000001e+00	
   5.8613190999999998e-01	   4.0249194999999999e-01	
   7.0093026000000003e-01	   5.6424229000000004e-01	
   8.4183342000000005e-01	  -3.7182702000000001e-01	
   1.3359441999999999e+00	   2.7410962000000000e-01	
   7.8486566999999996e-01	   1.5839982999999999e-01	
   1.6839350000000000e-01	  -1.0627405999999999e+00	
   4.3578817999999998e-02	   1.2588576000000001e-02	
   4.7210644000000002e-01	   9.7881508000000006e-02	
  -3.3740313999999999e-01	  -1.4511232999999999e+00	
   4.7342757000000002e-01	   3.3864264999999999e-01	
   1.0457500000000000e+00	   2.1897166000000001e-01	
  -1.3231198000000000e+00	  -1.4623243999999999e-01	
   1.7650524000000001e-01	  -1.0714077000000000e+00	
  -7.0499031000000001e-01	   1.2925717000000000e-01	
   8.4041493000000000e-01	  -1.7551243999999999e-01	
   4.5453721000000002e-01	   8.7679898999999994e-01	
   1.0936933000000000e+00	   6.1377272999999999e-01	
   7.1201873000000004e-01	   1.4855345000000000e+00	
   1.2302483000000000e+00	  -1.5477536999999999e+00	
   1.0529781000000000e+00	  -2.0780973999999999e+00	
  -5.2840321000000001e-01	  -1.2334316999999999e+00	
  -7.1148633999999999e-01	  -1.1295287000000001e+00	
  -6.9702248999999994e-02	   1.5557645000000000e+00	
  -8.7503114000000004e-01	   5.9121774999999999e-01	
   6.4254867999999998e-01	  -4.0324175000000001e-01	
   5.4537659999999999e-01	  -1.6482384999999999e-01	
   7.4129502999999997e-01	  -1.2010230000000000e+00	
   7.6653554000000002e-01	  -2.4755281000000001e-01	
  -9.2717461999999995e-01	  -4.0566628999999998e-01	
   3.0553743000000000e-01	  -1.6062419999999999e-01	
  -1.2366707000000000e-01	  -1.2682051999999999e+00	
  -1.6759408000000000e+00	   9.2982242999999998e-01	
  -5.0876275999999998e-01	  -1.4075865999999999e+00	
   8.3196179999999997e-01	   4.4189898999999999e-01	
  -2.3232686999999999e-01	  -1.3965715999999999e+00	
   2.0640087000000000e+00	  -8.9342356000000001e-01	
  -6.6820183000000000e-01	   9.1928297999999997e-01	
   2.2935781000000000e-01	   6.1314058999999999e-01	
   6.0396428999999996e-01	   1.0273918000000000e+00	
   4.6294442000000002e-01	   4.9798955000000000e-01	
   7.2652070999999999e-02	  -1.4624128000000001e+00	
   1.0774683000000000e+00	   1.6305051000000001e-02	
  -9.7902111000000000e-02	  -1.0138886000000000e+00	
  -1.0724044000000001e-01	  -1.4989931000000001e+00	
  -1.1278010000000001e+00	  -4.4281267000000002e-01	
  -1.5753296999999999e+00	   2.7239704999999997e-01	
   1.0770115000000000e+00	   1.4235396000000000e+00	
   7.3978946999999995e-01	   5.3037412999999999e-02	
  -7.9938591000000003e-01	   1.1116356000000001e+00	
  -9.5795912999999999e-01	   8.1208784000000001e-01	
  -4.5193826999999998e-01	  -1.2206383999999999e+00	
  -1.3745636000000001e+00	  -8.0272193999999997e-01	
   1.3247371999999999e+00	   3.7648644999999997e-01	
  -6.6524806999999997e-01	   3.5708319999999999e-01	
  -1.7634102000000000e+00	  -1.1687145999999999e+00	
   1.2716711999999999e+00	   4.9552616999999999e-01	
  -5.3628083000000004e-01	   1.1284847000000000e+00	
  -4.5138956000000002e-01	   7.2285429000000001e-01	
  -5.3575249999999996e-01	   1.0475619000000000e+00	
   3.0355587000000001e-01	  -3.9311169000000000e-03	
   8.8625586000000006e-02	  -8.4434069000000000e-01	
   4.4020330000000002e-01	  -9.3584371000000000e-01	
   1.2217538999999999e+00	   2.1723426000000001e-01	
   1.2465276999999999e+00	  -1.1837279000000001e-01	
   6.0265634999999995e-01	   1.4471385000000000e-01	
   1.9534862000000000e+00	   9.0208184000000002e-01	
   1.0197210999999999e+00	   9.9686807000000000e-01	
  -7.8555794000000001e-01	  -1.3345845999999999e+00	
  -1.8708959999999999e+00	  -1.0014425000000000e+00	
   1.6177382000000000e+00	  -1.1568460000000000e+00	
  -1.8809682000000001e+00	  -1.2606492000000000e+00	
  -1.2445333999999999e+00	   1.1372395000000000e+00	
   1.2271752000000000e+00	  -1.4605132000000001e-01	
  -1.7179738000000000e-02	  -1.0336137999999999e+00	
  -7.1500604000000001e-01	  -9.6898118000000000e-01	
  -3.7680058999999999e-01	  -6.1696408999999997e-01	
  -1.9836132000000001e-01	   1.6702539999999999e+00	
   3.2483536000000002e-01	  -1.5295309000000001e-01	
   1.4040695000000001e+00	   3.7726459000000001e-01	
  -8.5250833999999998e-02	  -1.1208562000000000e+00	
   8.5622743999999995e-01	  -1.1095850000000000e+00	
   9.1824532999999997e-01	   1.7203896000000001e+00	
   1.4911239000000001e-01	  -2.9493628000000000e-01	
  -4.3597654000000002e-01	  -9.5363909999999996e-01	
   1.0398727999999999e+00	   9.0930810000000001e-02	
   6.8256057000000003e-01	  -3.4663401000000003e-02	
   6.7557500999999998e-01	   9.2464632999999996e-01	
  -9.7084152000000001e-01	  -9.0560543000000004e-01	
  -4.0424205000000002e-01	   1.7826249000000000e-01	
  -2.2843000999999998e+00	  -1.0189387000000001e+00	
   6.2088544999999995e-01	   1.4830402000000000e+00	
   6.4790181999999996e-01	   1.4062397000000000e+00	
   2.7599182999999999e-01	   3.9740403000000002e-01	
  -6.7233262000000005e-01	  -4.1436768999999998e-02	
   1.3390668999999999e+00	   9.9773163999999998e-02	
  -5.2916224000000001e-01	   3.6536665000000002e-01	
   1.0280480000000001e+00	   5.4763841000000002e-01	
   5.7622300999999998e-01	   1.6997616000000000e+00	
   3.0061550999999997e-01	   2.0131755000000000e+00	
  -4.3960091000000001e-01	   2.9834917999999999e-01	
   7.3476092000000004e-01	   1.6289127999999999e+00	
   1.5007127000000000e+00	   4.4222127999999999e-02	
   1.6497828000000001e+00	   4.0415204000000003e-02	
  -2.3793570999999999e-01	  -1.4919201000000000e+00	
   1.1113618999999999e+00	  -6.2820702000000006e-02	
  -1.3229616999999999e-01	   9.5438816000000004e-01	
  -1.8540439000000000e+00	  -4.6749538000000002e-01	
   2.0717159000000001e+00	   1.3655913000000000e+00	
   5.4280430999999997e-02	  -9.6718057999999996e-01	
   8.5433641999999999e-01	  -5.3748061999999996e-01	
  -1.0933431000000000e+00	  -4.6264503000000001e-01	
   9.3327150000000003e-01	  -2.7698306000000000e-01	
   2.2727383000000001e-01	   1.7091516000000000e+00	
  -2.1532053000000001e-01	   5.4894611000000004e-01	
  -4.3009489000000001e-01	  -1.3989589000000000e+00	
  -1.5512670000000000e+00	  -6.6285684000000000e-01	
  -1.3721501000000000e+00	  -9.0388953000000005e-01	
  -6.8253737000000003e-01	   1.3946972999999999e-01	
   3.2053014000000002e-01	   3.9347114999999999e-01	
   9.5266693000000002e-01	  -1.2980807999999999e+00	
  -1.4553020999999999e-01	  -8.6889729999999998e-01	
   1.7916343000000001e-01	  -1.0443285000000000e+00	
   6.0846995000000004e-01	   1.3450021000000000e-02	
   5.1392568000000005e-01	   1.2691828000000001e+00	
   1.3269926000000001e+00	   8.2465962000000004e-01	
   6.1068981000000000e-01	   9.7811959999999998e-01	
  -1.0677569000000000e+00	   9.6270246000000004e-01	
  -1.9246688000000001e+00	  -1.1742324000000000e+00	
   1.2113200000000000e+00	   6.4215308999999998e-01	
  -4.1810570000000002e-01	  -1.2566790999999999e+00	
   5.2011408000000002e-03	   2.3989880999999999e-01	
   7.4047240000000003e-01	   1.3473614000000000e+00	
   2.1765298000000000e-01	   1.3219023999999999e+00	
  -1.9804771999999999e+00	   8.7515478999999996e-01	
   1.5472279999999999e-01	   3.7312390000000001e-02	
  -1.8077884000000000e+00	  -6.4264538999999998e-01	
  -1.1385338000000000e-01	  -1.4967296000000001e+00	
   1.1319011000000001e+00	   4.0473959999999998e-01	
  -1.2778602999999999e-02	  -1.2692583000000000e+00	
   1.7343249999999999e+00	   9.7932991000000003e-01	
  -5.3550145999999998e-01	   1.1942539000000001e+00	
   1.1835796000000001e+00	   1.3635206000000000e+00	
  -2.2601144000000001e-01	  -1.0937995000000000e+00	
  -7.3377431000000004e-01	   1.2509631000000001e+00	
   1.0554462000000000e+00	  -5.5336590999999997e-02	
   3.9897046999999998e-02	  -1.2770078000000000e+00	
  -1.0147343000000000e+00	  -1.6494194000000000e+00	
   2.1778878000000002e+00	   1.2093974000000001e+00	
   6.9484639000000004e-01	   6.5135525999999999e-01	
   1.0648937000000001e+00	  -4.2748396999999999e-01	
   2.8133602999999998e+00	   1.3016673999999999e+00	
  -1.0362979999999999e+00	   6.2127294000000000e-01	
  -3.4554298000000000e-01	  -1.4984843999999999e+00	
   6.3915973000000004e-01	  -8.1531330999999996e-01	
  -2.8544239999999999e-01	  -1.1007747999999999e+00	
   6.1506161999999998e-01	   5.5755040000000000e-01	
  -4.3969584000000000e-01	   1.2243028000000000e+00	
   1.7630517000000001e+00	   1.4822888999999999e+00	
   6.3546360000000002e-01	   1.6682789000000000e+00	
   5.9092507000000005e-01	  -4.2673629000000002e-01	
  -1.2838223000000000e+00	  -2.5858508000000002e-01	
  -1.0626488000000001e+00	   1.8103691999999999e-01	
   1.2603804000000001e+00	  -1.2536337000000000e+00	
  -9.1655995999999995e-01	  -1.0823316999999999e+00	
   4.6151849000000000e-01	   1.8917740000000001e+00	
   1.0648618999999999e+00	   4.4279044000000001e-01	
   4.3139817000000003e-01	  -1.5573844999999999e+00	
  -1.8043936000000000e+00	   5.2906551999999996e-01	
  -5.4966349999999997e-01	  -1.0710862999999999e+00	
  -1.0130220999999999e+00	   1.0740901000000000e+00	
  -1.0836428000000000e+00	   1.1872592000000000e+00	
   1.1629342000000000e+00	   6.5389843999999997e-01	
   2.5795933999999998e-01	   3.0885383000000000e-01	
  -6.8529108999999999e-01	   7.2745775999999995e-01	
  -1.0987663999999999e+00	   6.4131718000000004e-01	
   2.8883025000000001e-01	   1.0065181999999999e+00	
  -1.0246550000000001e+00	   1.5268136000000001e+00	
  -1.2033936999999999e+00	   4.0042188000000001e-01	
  -7.3556248999999996e-01	   6.8294944999999996e-01	
  -7.8637270999999997e-01	  -6.3969524000000000e-01	
   5.2144318000000001e-01	  -1.0420157000000001e+00	
   1.0847538999999999e+00	  -1.0228140999999999e+00	
   1.6381804000000000e+00	   1.4626390000000000e+00	
  -6.0869859000000004e-01	  -9.1657023999999998e-01	
  -3.2705404999999999e-01	   6.1158632000000002e-01	
  -4.1427849999999999e-01	  -1.2797324999999999e+00	
   1.2374928999999999e+00	  -6.8721146000000000e-01	
   1.2595445000000001e+00	  -1.0260434000000000e+00	
   2.8403001000000000e-01	   2.3061099000000000e+00	
  -2.2625171999999999e-01	  -1.0584940000000000e+00	
   4.2720244000000002e-01	   1.9906637000000000e+00	
  -9.9502524000000003e-01	  -1.3898789000000000e+00	
  -3.9770575000000002e-01	  -1.2775909999999999e+00	
  -2.6369071999999999e-01	  -1.1366077999999999e+00	
   8.4659381000000000e-01	   1.3957368999999999e+00	
   1.0900110000000001e+00	  -1.0975277999999999e+00	
  -7.1417964000000000e-01	  -1.6531545999999999e+00	
   1.0658723000000001e+00	   5.1227328999999999e-01	
   1.3255182999999999e+00	   1.4267322000000000e+00	
   3.1116516000000000e-01	   1.7629277999999999e+00	
  -1.8957666000000000e+00	  -1.1005996000000000e+00	
  -1.2856631999999999e+00	  -7.5447339999999996e-01	
   1.5161553999999999e-01	   1.5321037000000000e+00	
  -1.8005537999999999e-01	  -6.3949719999999999e-01	
   8.3749096999999995e-01	   1.7479119000000001e+00	
   4.7217592000000003e-01	   2.8943618999999998e-01	
   3.0792007999999998e-01	   1.1746916000000000e-01	
   8.8548267000000000e-02	  -1.2211847000000000e+00	
  -1.0483650000000000e+00	   2.1912176000000000e-01	
  -5.6063825000000000e-01	   4.7335865999999999e-01	
  -4.9854134999999999e-01	  -7.6608586999999995e-01	
   8.2881914000000001e-01	  -3.0478043999999999e-01	
   6.1455446999999996e-01	  -2.2766700000000001e-02	
  -7.1894241000000003e-01	   2.4208215999999999e-01	
  -4.8785083000000001e-01	  -1.3062487000000000e+00	
  -1.7696151000000000e+00	  -5.9214403000000004e-01	
  -5.5817998000000002e-01	  -1.7296611000000000e+00	
  -8.6873500000000003e-01	   6.2503052000000003e-01	
  -6.7262679999999997e-01	   3.1311429000000002e-01	
   2.1699207999999999e+00	   1.2365159999999999e+00	
  -1.4641388000000000e+00	   1.1123698000000000e+00	
  -1.7340755000000001e+00	  -2.4220623999999999e-01	
   2.4297165999999999e-02	  -7.1884342000000001e-01	
   2.6380819999999999e-01	  -6.0494185000000000e-01	
  -4.4573329000000000e-01	  -1.5291106000000001e+00	
  -2.9813213000000000e-01	   1.5837904999999999e-01	
   1.1479767999999999e+00	  -1.1370210999999999e+00	
  -1.6301150000000000e-01	  -3.9782329999999999e-01	
   2.5709324000000000e-01	   1.5385129000000000e-01	
   7.2881556999999997e-01	   1.4886063000000000e+00	
  -8.2358534999999999e-01	  -4.7125031000000001e-01	
  -8.3761012999999995e-01	   6.4407996000000001e-01	
   6.1471158000000004e-01	   3.7545903000000003e-01	
   7.3133608999999999e-01	   1.3073185000000000e+00	
   2.4034889000000001e-01	  -1.1375385000000000e+00	
  -8.6323227000000002e-01	   1.7419438000000001e-01	
  -4.4591169000000003e-01	  -1.2755728000000000e+00	
   1.8582236999999999e+00	  -3.6013192999999999e-01	
   4.4021599000000000e-01	   3.9856209999999997e-01	
   4.8275076000000000e-01	  -1.2297434000000000e+00	
   1.0483633999999999e+00	   3.9669533000000001e-01	
  -4.8364575999999998e-01	   6.1475387000000004e-01	
  -1.9966709000000000e+00	  -6.2399794000000001e-02	
  -1.6945009000000000e-02	  -9.3929582000000000e-01	
  -2.4149276000000000e-01	   8.9708834999999998e-01	
  -1.3833027000000000e+00	  -1.1060114000000001e+00	
