   4.3363098999999999e-01	   2.1940802000000001e+00	
  -1.2055085000000001e+00	  -3.9228457999999999e-01	
   1.0529781000000000e+00	  -2.0780973999999999e+00	
   5.8588633999999995e-01	  -2.7300990000000003e-01	
  -1.2783648999999999e+00	   2.1260698000000000e-01	
  -2.2339783999999999e-01	   1.0408113999999999e+00	
  -9.9369483999999997e-01	   1.1416417000000001e+00	
   3.9069588999999999e-01	  -1.4161436999999999e+00	
  -8.2125903000000000e-01	  -8.5515339999999995e-01	
   1.1792066000000001e+00	   7.6610648999999997e-01	
   4.0340958000000003e-02	  -1.5055329000000000e+00	
   1.0997332000000000e+00	   1.5756559000000001e+00	
  -1.4252957000000000e-02	   1.5451870999999999e+00	
  -1.5530444999999999e+00	  -1.3240008000000000e-01	
  -7.8532093999999997e-01	  -3.6131572000000001e-01	
  -1.8237654999999999e+00	  -6.6498285000000001e-01	
  -5.7392097000000003e-02	  -2.0845907000000000e-01	
  -1.9599332000000000e+00	  -1.0861381000000001e+00	
  -1.0603133000000000e+00	  -9.3671819999999995e-01	
  -8.6046349000000000e-01	  -1.2658373000000001e+00	
  -6.5306279000000000e-01	   4.3280002000000001e-01	
   4.4002033000000002e-01	   9.0022577999999998e-01	
   6.8174383999999999e-01	   1.5041215999999999e+00	
  -8.0716708000000004e-01	   1.1165358999999999e+00	
  -6.3849747000000001e-01	   1.3186804999999999e+00	
  -1.0154694000000000e+00	   5.2123620999999998e-01	
   2.7491187000000000e-01	   1.1765061000000001e+00	
   3.7348493999999999e-01	   1.4779168000000000e+00	
   2.8883025000000001e-01	   1.0065181999999999e+00	
  -6.2611643000000002e-03	  -9.5935756999999999e-01	
   2.0776027000000000e-01	  -4.2742890000000000e-01	
   1.3539930000000000e-01	   5.3216276999999999e-02	
   1.6338183000000001e-01	  -1.1293911000000001e+00	
  -4.3508032000000002e-01	  -1.5321334000000000e+00	
  -1.6364430999999999e+00	  -1.7960661000000000e+00	
   9.9561938000000005e-01	   1.4611736000000000e+00	
  -1.0517417000000000e+00	  -8.3238939000000001e-01	
   3.0119887000000001e-02	  -8.9444011000000001e-01	
  -1.3717740000000000e+00	   9.6798921000000004e-01	
   1.0658723000000001e+00	   5.1227328999999999e-01	
   5.9931336999999996e-01	   1.1351066000000001e+00	
   1.1191002999999999e+00	  -1.2170775000000000e+00	
  -1.4519290000000000e+00	  -1.6684938999999999e-01	
   1.6324358000000000e-01	  -1.3149430000000000e+00	
  -6.4472567999999997e-01	  -2.3804019000000001e-01	
   5.5310556000000000e-01	   1.5408271000000000e+00	
  -4.5332523000000002e-01	  -7.3661158000000004e-02	
   1.4634062000000001e+00	   6.6503491999999997e-02	
   8.5376278000000005e-01	   9.4862117999999995e-02	
   2.5056911999999998e+00	   1.2997489000000000e+00	
  -1.3779037999999999e+00	  -3.2022789000000002e-01	
   1.4086574999999999e+00	  -8.0794971000000004e-01	
  -3.0515044000000002e-01	   1.1773659999999999e+00	
  -2.1690977000000000e+00	  -5.2289998999999998e-01	
   1.0398727999999999e+00	   9.0930810000000001e-02	
  -5.1354781999999999e-01	  -1.0718939000000001e+00	
  -2.1042916000000000e-01	   1.1021325999999999e-01	
  -1.2033936999999999e+00	   4.0042188000000001e-01	
   3.8163246000000001e-01	   1.7481798000000001e-01	
   1.8778770000000000e+00	  -3.6846613000000000e-01	
  -1.3733979999999999e+00	  -1.2343467000000000e-01	
   9.2725890000000000e-01	  -1.1184318000000000e+00	
  -6.9695178999999996e-01	   1.3457566999999999e+00	
   1.4144775000000001e+00	   1.6331857000000001e+00	
   9.3323416000000003e-01	   7.1647179000000005e-01	
   1.3985098000000001e-01	  -7.9996352000000004e-01	
  -4.8206694999999999e-01	   9.0347253000000002e-02	
  -5.8064002000000003e-01	  -1.8235562999999999e-01	
   1.2264191000000000e+00	   3.5388259000000000e-01	
   7.7400815000000001e-01	  -1.2204265999999999e+00	
  -1.5343621000000001e+00	  -6.6454122999999998e-01	
   1.0554462000000000e+00	  -5.5336590999999997e-02	
   2.0394701999999998e+00	  -4.6169424999999997e-01	
  -7.2237591000000001e-01	   1.1900922000000000e+00	
  -6.8717980000000001e-01	  -4.5771139000000000e-01	
   2.2368356000000000e-01	   1.5729131999999999e+00	
  -3.6579271000000002e-01	  -1.5176867999999999e+00	
  -8.6105293000000005e-01	  -9.7185120999999997e-01	
   1.0694359000000000e+00	   6.4640372999999995e-01	
   1.1818495000000000e+00	   8.0036098999999999e-02	
   1.1534007000000000e-01	  -4.4330877000000002e-01	
  -9.2416032999999997e-01	   1.4535431999999999e+00	
   2.1979110999999998e+00	   9.3540305999999995e-01	
  -1.1180239000000000e-01	  -8.4108115000000006e-01	
  -1.6949771000000000e+00	   6.1418147000000001e-01	
   6.6312073000000005e-01	   1.6951448000000000e+00	
   1.1650349000000000e+00	   4.4604922000000002e-01	
  -1.6177632000000000e+00	  -7.1156575000000000e-01	
  -6.5092636999999998e-01	   1.1246081999999999e+00	
  -1.3997713000000001e+00	   4.7497940999999999e-01	
  -9.7508068999999997e-01	  -2.7343715000000002e-01	
  -1.0223447999999999e+00	  -1.2857512000000000e+00	
  -3.7915710000000002e-01	   6.3821791999999999e-01	
  -1.6475809000000000e-01	  -6.9712918000000001e-01	
   1.0301434000000000e+00	  -1.1228514000000001e+00	
  -1.4912045000000000e+00	   8.8519559999999997e-01	
   1.6906078999999999e-01	   1.8634212000000001e+00	
  -1.7946321999999999e+00	  -9.8045897000000004e-01	
  -7.7864434000000005e-01	  -1.1439363000000000e+00	
  -7.6199901000000003e-01	  -1.1072508000000001e+00	
  -1.5282836000000000e+00	   7.9533381999999997e-01	
  -1.0423100999999999e+00	   1.2654006000000000e+00	
  -1.3331797000000001e+00	  -4.5704112999999998e-02	
  -8.1776778999999999e-01	  -6.8960564000000002e-01	
  -3.6677599999999998e-02	  -1.4405234000000000e-01	
   1.1552574000000000e+00	   5.9768860999999995e-01	
   1.7976864000000001e-01	  -6.2734340000000000e-02	
  -1.2492137999999999e+00	  -8.9745438000000000e-01	
  -5.3254979999999996e-01	   1.2169770000000000e+00	
  -2.2338316000000000e-01	  -4.1941769000000001e-01	
   1.9485655000000000e+00	   1.0869527000000001e+00	
  -6.1797564000000005e-01	  -5.0608428000000005e-01	
   8.2873863000000003e-01	   1.5586275999999999e+00	
  -1.0970522000000000e+00	   7.3718344000000002e-01	
  -1.4658070999999999e+00	  -3.5837282999999998e-02	
  -5.9903828000000003e-01	   1.4445649000000000e+00	
   3.9509703000000002e-01	  -1.0366576999999999e+00	
   1.7212240000000001e+00	  -4.4816450000000002e-01	
  -1.8540439000000000e+00	  -4.6749538000000002e-01	
  -2.0426036000000000e-01	  -1.8121723000000001e-01	
  -8.1315428999999995e-01	  -6.6465688000000001e-01	
  -1.3831827000000001e+00	   9.7310740000000007e-02	
  -1.0211298000000000e+00	  -1.1850037000000000e+00	
  -9.0228644999999996e-01	  -3.5998775999999999e-01	
  -4.2088077000000002e-01	  -7.3064154000000003e-01	
   1.1466685000000001e+00	  -1.5596078000000000e+00	
  -1.2497590999999999e+00	  -1.1351831999999999e+00	
  -6.9273304000000002e-01	  -1.1287785000000000e-01	
  -7.8637270999999997e-01	  -6.3969524000000000e-01	
   8.9639363000000005e-01	  -1.2730642999999999e+00	
  -4.8579829000000002e-01	  -1.5277966000000001e+00	
   1.1479767999999999e+00	  -1.1370210999999999e+00	
  -1.4422747000000000e-01	  -1.0288615000000001e+00	
   2.4595301999999999e-01	  -7.6674730000000002e-01	
   1.1000014000000000e+00	   1.3760342000000001e+00	
  -4.8992880000000000e-01	   1.2529558000000001e+00	
   6.6169786999999994e-02	   1.6206541000000001e+00	
  -2.6177789000000001e-01	  -1.1969061999999999e+00	
  -1.9524457000000000e+00	  -8.9977753999999999e-01	
  -3.8837189999999999e-01	  -1.0847945999999999e+00	
  -9.8758188999999996e-01	  -1.9052135000000001e-01	
   7.1405076000000001e-01	  -1.0823661000000000e+00	
  -1.0387208000000001e+00	  -3.5935991000000000e-02	
   1.0548709999999999e+00	   8.9881696000000000e-01	
  -9.3556225000000004e-01	  -1.5002126000000000e+00	
  -8.3460882000000007e-03	   1.7641541000000001e+00	
  -1.3671680000000000e-01	  -1.3929712000000001e+00	
  -5.5155332000000001e-01	  -1.1771628000000001e+00	
  -1.9908646999999999e+00	  -9.1206991000000004e-01	
   1.3439702000000000e+00	   8.7806240999999996e-01	
  -1.0761691000000000e+00	   7.2040939999999998e-01	
  -2.6727962999999999e-01	  -8.9646161999999996e-01	
   1.3856550000000001e+00	  -4.9794150999999998e-01	
  -5.4406911999999996e-01	  -8.3055144999999997e-01	
   1.8544361000000000e+00	   1.6056815000000000e+00	
   1.1603988999999999e+00	   9.7802621000000001e-01	
   1.0802147000000000e+00	  -1.7553289999999999e+00	
   1.3852716000000000e+00	   1.5161130000000000e+00	
   5.2442690000000000e-02	  -8.5267095000000004e-01	
  -4.6737371000000000e-01	   1.3002155000000000e+00	
  -8.3441149000000003e-01	   1.4837450999999999e+00	
   9.5466998000000003e-01	  -1.5786718000000002e-02	
   1.2223588999999999e+00	   3.2470649000000001e-01	
   6.6639994999999996e-01	  -1.5208744999999999e+00	
   1.0941694000000000e+00	  -6.4317055999999995e-01	
   1.0674117999999999e+00	  -2.2113095999999999e-01	
   1.2537873999999999e-01	   2.1597344000000001e+00	
  -9.0283773000000000e-01	  -8.2219783000000005e-02	
   2.1699207999999999e+00	   1.2365159999999999e+00	
  -2.5364804000000001e-02	  -7.9034859000000002e-01	
  -6.2509538000000003e-02	  -1.2000431000000000e-01	
   7.0700116999999996e-01	   5.2392497000000003e-02	
   1.3317167999999999e+00	  -8.0225614000000001e-02	
  -1.2503578000000000e+00	  -2.8591394999999997e-01	
  -1.6783030000000001e+00	   1.0776406999999999e+00	
   2.7097377000000000e-01	  -3.8154744999999997e-02	
  -1.0160842000000001e+00	  -2.2355464999999999e-01	
  -2.7400154999999998e-01	   4.8912158999999999e-01	
   4.9587027000000000e-01	  -6.1414027000000004e-01	
  -8.3279314000000004e-01	  -1.2304543999999999e+00	
  -1.5554155000000001e+00	  -1.0964902000000001e+00	
  -1.6339615000000001e+00	   2.7935482000000000e-01	
  -5.8703302999999996e-01	   1.0104808999999999e+00	
   1.4321794000000001e+00	  -3.6630553999999999e-01	
   1.8383310000000000e-01	   5.5825585000000000e-01	
   1.1737072000000000e-01	  -1.0687937999999999e+00	
  -2.6559468000000003e-01	  -1.1977487000000000e+00	
   1.0085530000000000e+00	  -9.8388465999999997e-01	
  -8.1521820000000000e-01	   1.1760523000000001e+00	
  -8.6890745000000003e-01	   6.3393653999999999e-01	
  -2.1150184999999999e-01	  -1.5481734000000000e-01	
   2.1112780999999998e+00	   9.4190377999999997e-01	
   8.9561599000000003e-01	   3.5955116999999998e-01	
   1.3878056000000001e+00	   6.0909526999999998e-02	
   1.6411096000000001e+00	   5.1282643000000006e-01	
   5.1392568000000005e-01	   1.2691828000000001e+00	
   2.0420584999999999e-01	  -1.2935775000000000e+00	
  -7.6956727999999996e-01	   6.3737657000000003e-01	
   1.7718548000000001e+00	   1.3033947000000001e-02	
   3.2496894999999998e-02	  -1.4626288999999999e+00	
  -2.0097482000000000e-01	   1.3489974000000000e+00	
  -1.2234860000000000e-01	  -8.0805444000000004e-01	
  -5.5302001000000001e-01	  -6.8703594000000001e-01	
  -6.5898120000000004e-02	  -1.3294087000000001e+00	
  -1.4377671999999999e+00	   9.1931079999999998e-02	
  -3.4665279999999998e-01	  -1.1279083000000001e+00	
   1.3557641000000001e-01	   1.4607794999999999e+00	
  -6.1119875999999997e-02	  -1.4007524000000000e+00	
   6.8110836999999994e-02	  -7.6037639000000001e-01	
   1.0977923000000001e+00	   6.0406360999999997e-01	
   6.0422450999999999e-01	   5.5504344999999999e-01	
  -1.3915822000000000e+00	  -6.7970237000000000e-01	
  -7.5968239000000004e-01	  -1.2572409000000000e+00	
   4.4480223000000002e-01	   1.3505891000000000e-01	
   7.4438610999999999e-01	   1.4188312999999999e+00	
  -6.8061382999999998e-01	  -5.8604255000000005e-01	
   1.1049860000000000e+00	  -6.9536642999999998e-01	
   3.8124450999999997e-02	   1.6697965000000001e-01	
  -1.2702888999999999e+00	  -2.7273408999999998e-01	
  -1.0771542999999999e+00	  -6.1221895000000004e-01	
   6.2373887000000003e-02	  -1.0530196999999999e+00	
   3.6940235999999999e-01	   1.6933362000000001e+00	
  -1.8301159000000000e+00	  -9.6423687000000002e-01	
  -2.1575762000000001e-01	  -3.5336665000000000e-01	
   3.2927480999999997e-01	   6.0596196000000002e-01	
   1.1027427999999999e+00	   2.5324088000000000e-01	
   6.0032801000000002e-01	  -3.8021612999999999e-01	
  -8.7401013999999999e-02	  -1.0735125999999999e+00	
  -9.7300403999999996e-01	   7.1184480000000006e-01	
  -5.4217824999999997e-01	   9.1846559000000005e-01	
   1.1468096000000001e+00	   5.6450918000000005e-01	
  -1.5887058999999999e+00	  -6.7951516999999995e-01	
   6.0476640000000004e-01	   3.7841238999999999e-01	
   3.2077630000000001e-01	   1.5842394000000000e+00	
  -1.4616264000000001e+00	   8.2910587999999993e-02	
  -1.4090554000000000e+00	  -1.0203471000000000e+00	
  -1.2008624999999999e+00	  -2.4846820999999999e-01	
  -5.7635438000000005e-01	  -4.6270686999999999e-01	
   6.6703257999999999e-01	   1.9214928000000000e+00	
  -5.1339972000000000e-01	   1.2880172000000001e+00	
   1.4231399000000000e+00	   1.4929893000000001e+00	
   8.9698732999999997e-01	   7.4243941999999996e-01	
   7.4156681999999996e-01	   7.4356796000000003e-01	
   7.5833611999999995e-01	  -1.4517363999999999e+00	
  -3.2943571000000000e-03	  -7.7681792999999999e-02	
  -1.2713011000000001e+00	  -6.7349303999999999e-01	
   5.5264442999999996e-01	  -1.7220216999999999e-01	
  -1.8445655000000000e-01	  -1.4029138000000001e+00	
   1.1855116999999999e+00	  -2.7781906000000001e-01	
  -1.6651298999999999e+00	  -1.2567454000000000e+00	
   6.6116006999999999e-01	  -1.9896742000000001e-01	
  -2.2601144000000001e-01	  -1.0937995000000000e+00	
  -1.9743866000000001e+00	  -1.7150931000000000e+00	
  -2.0125823000000000e+00	  -1.8451881999999999e+00	
  -8.2358534999999999e-01	  -4.7125031000000001e-01	
  -6.4654290000000003e-01	   1.0788291999999999e+00	
   4.5007745999999998e-01	  -1.0377732000000001e-01	
   8.3314178999999999e-01	  -5.9262190000000003e-01	
  -8.7845393999999999e-01	  -1.4583493999999999e+00	
   5.0061012000000005e-01	   2.5115041000000001e-02	
   2.7138730000000000e-01	  -5.9117096999999996e-01	
   9.9542505000000003e-01	  -1.6334223999999999e+00	
   1.0218293000000001e+00	   9.7579813000000004e-01	
  -4.8055429000000000e-01	  -9.0447752999999997e-01	
  -1.5373721000000000e+00	  -6.4060572999999998e-01	
   2.1485281000000001e-01	  -1.6590499999999999e+00	
  -5.0134118000000005e-01	   1.0950124000000001e+00	
  -3.9633159000000001e-01	  -1.4512845999999999e+00	
  -1.0437856000000000e-01	   4.8011439000000000e-01	
   1.4860316000000000e+00	   6.2713295999999996e-01	
   8.6195129000000004e-01	  -1.2353323000000000e+00	
  -6.5557637000000002e-02	  -1.5735536000000001e+00	
  -7.7284006000000002e-02	  -1.2189273000000000e+00	
   3.8809228000000001e-01	   4.8427256000000002e-01	
  -9.5559755000000002e-01	  -1.6133126000000000e+00	
  -2.8695903000000000e-01	  -7.2594654999999997e-01	
  -8.8535613999999996e-01	   1.0539476999999999e+00	
   1.9429818999999999e+00	  -6.4970633000000000e-01	
  -2.6910409000000000e-02	   9.5789504000000003e-01	
   8.4983323000000000e-01	   7.2550530999999996e-01	
   1.1239806000000001e+00	   2.9334691000000002e-01	
   7.0716241000000002e-01	  -7.7780998999999995e-01	
   3.2572742999999998e-01	   1.4484589999999999e+00	
  -6.4000836000000005e-01	  -2.3772762000000000e-01	
  -6.6496032999999999e-01	   1.6092652999999999e+00	
  -2.5270224000000001e-02	   7.4170442000000003e-02	
   1.2258365000000000e+00	   9.9850886999999999e-02	
  -5.5898104999999998e-01	   5.9414439999999999e-02	
  -1.1192766000000001e+00	  -3.1486396999999999e-01	
  -6.3942010999999999e-01	   5.2192196000000002e-01	
   1.3639916999999999e-01	  -1.3635305000000000e+00	
   1.1905218000000000e+00	  -1.6729525999999999e+00	
   3.6694054999999998e-01	  -4.5113908000000003e-01	
  -9.7226957000000003e-01	   4.7312711000000002e-01	
  -4.1511849000000001e-01	  -1.2959472999999999e+00	
   1.1275180000000000e+00	  -1.1598723999999999e-02	
   8.1581453000000004e-01	  -1.3298466000000000e-01	
  -9.8936294000000002e-01	   4.7959010000000002e-01	
   1.5681532000000001e-01	  -9.3410881999999995e-01	
  -5.7289844999999995e-01	  -8.7968758999999996e-01	
   4.8255471000000001e-02	   8.6618455999999999e-01	
   1.7286049999999999e+00	   1.2612333000000000e+00	
  -7.4730865000000002e-01	   4.6827917000000002e-01	
  -6.3845684000000003e-01	  -1.0124340999999999e+00	
  -5.1971590000000001e-01	   1.3549929999999999e+00	
  -1.7819503999999999e+00	  -6.8676174000000001e-01	
   1.5179326000000000e+00	  -1.3389576000000001e+00	
   1.2119238999999999e+00	   7.5243283999999999e-01	
   1.1723041999999999e+00	   8.6816439999999995e-01	
   9.9605997000000002e-01	  -1.6981274000000000e+00	
   4.4262609000000003e-01	   1.5432767999999999e+00	
   3.4494151000000001e-02	  -6.9067847000000004e-01	
   9.3375322999999999e-01	   3.5789142000000002e-01	
  -3.6936854000000002e-01	  -9.6497942000000003e-01	
   2.8366018999999998e-01	   2.3725969000000000e+00	
   1.2029512000000000e+00	   1.5407105000000001e+00	
  -9.7445011999999998e-01	  -1.4334336999999999e+00	
  -9.5398380000000005e-01	   8.4826407999999998e-01	
  -1.2232936999999999e+00	  -1.1851908000000000e-01	
  -6.7718718999999997e-02	   1.7359328999999999e+00	
  -4.9593051999999999e-01	  -1.0906411000000000e+00	
   1.2265562000000001e+00	  -1.1978078000000001e+00	
  -3.2399498999999998e-01	  -1.0266485999999999e+00	
  -8.7695016000000003e-01	   2.6338971999999999e-01	
  -2.0758074000000000e+00	  -1.7832585000000001e+00	
  -2.0108505000000001e+00	   4.3905130999999997e-01	
   1.4225874999999999e+00	  -1.0997663000000000e+00	
  -1.4458720000000000e+00	  -1.2226941000000000e+00	
   7.3946951000000005e-01	   2.1372843000000001e+00	
  -3.9053258000000002e-01	   1.1028671999999999e+00	
  -1.0054810999999999e+00	   4.1243945999999998e-01	
  -8.1592483999999993e-03	  -1.3771960999999999e+00	
   9.0433774000000000e-01	   1.0375007000000001e+00	
   1.5374909000000001e+00	  -1.9345082999999999e-01	
  -9.7455660000000000e-01	  -1.8242125000000001e-01	
  -5.8023807999999999e-01	  -5.7905748000000001e-01	
   1.1457109000000001e+00	   8.2382559000000000e-01	
  -1.1260148999999999e+00	   4.1053071000000002e-01	
   1.7099896000000001e+00	   2.1693282000000001e-02	
  -1.0107721999999999e+00	  -1.2331163999999999e+00	
  -1.2745223000000001e+00	   1.8368240000000000e-01	
   1.3184681000000000e+00	  -3.3107578999999998e-01	
   1.7871827000000000e-02	  -6.9987021999999999e-01	
   3.2013114999999998e-01	   2.8220151999999998e-01	
  -5.8994380000000002e-01	  -1.2335978000000001e+00	
  -5.1568064999999996e-01	  -9.1950394999999996e-01	
  -1.9966709000000000e+00	  -6.2399794000000001e-02	
   1.0805410000000000e+00	   1.0339297999999999e+00	
  -4.6596439000000001e-01	   1.4508879000000000e-01	
   2.3823952000000001e-01	   1.7394600000000000e+00	
   2.4188757000000000e-01	   3.4695722000000001e-01	
   8.0484233000000005e-01	  -2.3684258000000000e-01	
  -6.3313741999999995e-01	  -6.9818007999999998e-01	
  -9.3165218999999999e-01	  -1.0223901000000000e+00	
   8.5072998000000000e-01	   5.9755658000000000e-01	
  -1.9403296999999999e+00	  -1.6095420000000000e+00	
   1.1606270000000001e+00	  -1.0803973000000000e+00	
  -1.1886593999999999e+00	  -1.1430488000000001e+00	
  -1.4778754000000001e+00	  -2.9667247000000002e-01	
   1.2922486000000000e+00	  -1.0433625000000000e+00	
   1.0081601000000000e+00	   8.2916067000000004e-01	
  -9.3230612000000002e-01	  -1.1481897999999999e+00	
   7.8543779999999996e-01	  -6.0059781000000001e-01	
  -8.8895732999999999e-01	  -8.8411974999999998e-01	
  -2.6784339000000001e-01	   7.5028706999999994e-01	
  -4.5660369000000001e-01	  -3.2161341999999998e-01	
   3.6970921000000001e-01	  -5.1255700000000001e-02	
  -2.1401133999999999e-01	  -1.2734889000000000e+00	
  -1.5201222999999999e+00	   6.5951815999999996e-01	
  -1.1466963999999999e+00	  -6.4675159000000004e-01	
  -2.1809392000000000e-01	  -1.0493102999999999e+00	
   1.8019505000000000e+00	   7.5654604999999997e-01	
   4.3404383000000002e-01	   2.9504148000000002e-01	
   1.6187719000000000e-01	  -7.9140462000000000e-01	
   7.5903664999999998e-01	   3.2800946999999997e-02	
   9.2332888999999996e-01	  -1.0173760999999999e+00	
  -1.9612968000000000e+00	   4.4518121999999999e-01	
   8.9297463999999993e-02	  -1.0994917000000000e+00	
   6.3664463000000004e-01	   1.2493346000000001e+00	
   7.8580583999999998e-01	   8.5881017000000004e-01	
  -7.4387040000000001e-02	  -4.6271250000000003e-01	
  -7.7593917999999995e-01	  -1.2572506999999999e+00	
   8.6595135000000001e-01	  -8.0697609999999997e-01	
  -1.0291706000000000e-01	  -1.7140636000000000e+00	
  -1.8075561000000000e+00	  -5.4318427000000002e-01	
   7.6423580999999996e-01	   1.9758761000000000e+00	
  -1.4904966000000000e-01	   8.1554870000000002e-01	
  -1.6986894999999999e-01	  -3.4589091999999999e-01	
  -2.0747834000000000e-02	  -1.1396535000000001e+00	
  -6.7815528000000003e-01	  -4.1682033000000002e-01	
   5.5373198999999998e-02	  -1.3946586999999999e-01	
  -8.8221206999999996e-02	   1.1672471000000000e+00	
  -2.1878570999999999e-01	   1.2809709999999999e-01	
   7.3133608999999999e-01	   1.3073185000000000e+00	
   3.7785248999999999e-01	  -6.0949053000000003e-02	
   7.6422005000000004e-01	   3.8050072000000001e-01	
  -1.3577622000000000e+00	  -8.4838871999999999e-01	
  -1.0147343000000000e+00	  -1.6494194000000000e+00	
   1.2005935000000001e+00	  -9.4812209000000003e-01	
  -7.1936811000000001e-01	  -3.8426547999999999e-01	
