  -1.4940461000000000e+00	   7.3801472999999995e-01	
  -1.2949762000000000e+00	  -2.3016995000000001e-01	
  -7.6492386999999995e-02	  -1.1185855000000000e+00	
  -2.7538264000000001e-01	   1.5181851000000000e+00	
  -7.6672258999999998e-01	  -1.2976713000000000e+00	
   6.6639994999999996e-01	  -1.5208744999999999e+00	
   2.2879060000000000e+00	   1.2159662000000000e+00	
   1.3815355000000000e+00	  -2.4421129000000000e-01	
   4.7822845000000003e-01	   4.6016097000000000e-01	
   2.9886458999999999e-01	  -8.1947585999999994e-01	
   4.0856325999999998e-01	   1.4455372000000000e+00	
  -5.8273156000000004e-01	  -1.0537669999999999e+00	
   1.4612620999999999e+00	  -1.0604665000000000e+00	
  -1.5685605000000000e+00	  -4.0092306999999999e-01	
   4.7699902999999999e-01	   1.8266252999999999e+00	
   1.7030959999999999e+00	   2.2954125999999999e-03	
  -1.7898248999999999e-01	   1.8969854000000000e-01	
  -3.2979776999999999e-01	   8.2927264000000001e-02	
  -6.3582936999999995e-01	   1.7209787999999999e+00	
  -1.2702888999999999e+00	  -2.7273408999999998e-01	
  -3.8652033000000002e-01	   2.6043335000000001e-01	
  -1.7367638000000001e+00	   3.6665342000000001e-01	
  -1.2039017000000000e-01	  -1.2156731000000001e+00	
   1.1940732000000001e+00	   1.8979708000000001e-01	
   5.2168276999999996e-01	   1.3559593000000001e+00	
   1.1144399000000000e+00	  -1.1027597000000000e+00	
   2.8189521000000001e-01	  -7.6099607999999996e-01	
   1.6726304000000001e+00	   9.7366781000000002e-01	
  -1.3479985999999999e+00	  -4.8469815999999999e-01	
  -1.2863959999999999e-01	   1.5688586000000000e+00	
  -1.9908646999999999e+00	  -9.1206991000000004e-01	
   2.5269534999999999e-01	  -1.3046966000000000e+00	
  -1.0767442000000001e-01	  -7.9257230000000001e-01	
   1.0494568000000000e+00	  -1.0524298999999999e+00	
  -9.0442162000000004e-01	   9.5288994000000005e-01	
  -1.0922174000000000e+00	   5.3132800000000002e-01	
  -4.0748461000000002e-01	   6.0224666999999998e-01	
  -2.1064611000000000e-01	  -3.3391259000000001e-01	
  -1.8138046000000001e+00	  -9.9353968999999998e-01	
   1.5031863000000001e+00	   1.4997343999999999e+00	
  -6.1941884000000003e-01	  -7.4833713999999996e-01	
  -5.4232833000000003e-01	  -7.3935589000000002e-01	
  -9.4333073999999995e-01	  -1.2588345000000001e+00	
   4.3071521000000002e-01	   1.6383782000000000e+00	
  -1.1420747000000000e+00	   9.1500742999999995e-01	
   1.0483633999999999e+00	   3.9669533000000001e-01	
  -3.0605679000000002e-01	   2.2761214999999999e+00	
   1.0672267000000000e+00	   5.7255509000000004e-01	
  -1.5765054999999999e+00	  -3.5174277999999998e-01	
   9.4890194999999999e-01	   4.2237673999999997e-01	
  -8.5129301999999996e-01	   6.8132714999999999e-01	
  -2.9523824999999998e-01	  -1.2717680000000000e+00	
   8.2642676999999998e-01	   7.4421948999999998e-01	
   3.2764922000000002e-01	   5.5290152999999997e-01	
   2.1588644000000001e-01	  -1.1243179999999999e+00	
  -1.5231288999999999e+00	   3.8776514000000001e-01	
  -6.5068188999999999e-01	  -1.5867200000000001e-01	
   3.4356925999999999e-01	   1.3833936000000000e+00	
   6.0266447000000001e-01	  -1.0758606000000000e-01	
  -1.0633642000000001e+00	   8.1725652999999998e-01	
  -1.1615354000000000e+00	   4.6941219000000001e-01	
  -6.1972658000000003e-01	  -9.8415591999999996e-01	
   3.6606002999999998e-01	   1.6428578999999999e-01	
   9.2059405000000005e-01	   1.1185957000000000e+00	
  -3.5582303999999998e-01	  -5.1273390000000002e-02	
  -1.0422929000000001e+00	  -1.0733162999999999e+00	
   2.5205635999999998e-01	   2.5832135000000001e-01	
  -8.5452333999999996e-01	  -1.0513013000000000e+00	
   2.6493090000000002e-01	  -3.7495222000000000e-01	
   1.6816352999999999e+00	  -3.2026157999999999e-01	
   1.0342541999999999e+00	   8.0538516000000004e-01	
   2.4908100000000000e-01	  -1.4639981000000000e+00	
   1.0403264999999999e+00	  -1.1742793000000000e+00	
  -5.6783834000000000e-01	  -8.7253009999999998e-01	
  -3.1378494000000000e-02	  -1.0140682999999999e+00	
  -5.8994380000000002e-01	  -1.2335978000000001e+00	
  -8.5316294999999998e-01	  -1.1747721000000000e+00	
   1.8836605999999999e-02	   5.1156882000000001e-02	
  -9.5099840999999996e-01	  -1.3010607000000001e+00	
   2.0978327999999999e-01	  -1.2587724000000000e+00	
  -2.2161228000000002e-02	  -2.0249943000000001e-01	
   6.2866622000000005e-01	  -6.1680694999999996e-01	
  -8.1850685000000001e-01	  -9.4306690999999998e-01	
  -1.0104687000000001e+00	  -1.5506608000000000e-01	
   1.6395419000000000e-01	  -1.1783158000000000e+00	
   1.8903905000000001e+00	   1.3432607999999999e+00	
  -2.1404626000000002e+00	  -1.5866986000000001e+00	
   1.3288772000000000e+00	   1.5076484000000001e+00	
   8.0245263000000000e-01	   1.3269242000000001e-01	
  -6.8787405000000001e-01	   7.0916268000000005e-01	
  -8.3918151999999996e-02	   1.0046828999999999e+00	
   2.2246644999999998e+00	   1.1791820000000000e+00	
  -9.5681088999999997e-01	   8.4799314999999997e-01	
  -1.5491176000000000e+00	   3.8561701999999998e-01	
  -1.0117418000000000e+00	   7.6773475000000002e-01	
   1.1950372000000000e+00	  -1.6510054999999999e+00	
  -1.3407074000000001e+00	  -1.0475686000000000e+00	
  -3.9913510000000002e-01	   1.3036462000000000e+00	
  -3.4093356000000002e-01	  -3.5789155000000003e-02	
   1.2351924000000001e+00	   9.0788371000000001e-01	
   1.4427930000000000e+00	  -1.5247980000000001e+00	
   9.4140117999999995e-01	   1.4586945000000000e+00	
  -9.6907463999999999e-01	   1.0243359000000001e+00	
  -5.0931249999999995e-01	  -9.3218725000000002e-01	
  -2.6003501999999998e+00	   2.1677229000000001e-01	
   2.7162038999999999e-01	  -1.5999870000000000e+00	
  -8.2130373000000001e-01	  -1.4430586999999999e+00	
   9.9096503999999996e-01	   5.9403976000000003e-01	
   1.4634062000000001e+00	   6.6503491999999997e-02	
   9.2624649000000003e-01	   9.7221676999999995e-01	
   1.1803699999999999e+00	   8.1886249999999994e-02	
  -2.7550025000000000e-01	  -1.1920849000000000e+00	
  -8.4684535000000005e-01	  -2.1282899000000000e-01	
   1.6577464000000000e+00	   1.2978592000000000e+00	
  -1.7247033000000001e+00	  -4.1043906000000002e-01	
  -1.1914098000000000e+00	   3.0862044000000000e-01	
  -1.1009807000000000e+00	   8.1697196999999999e-01	
   1.3754138000000000e+00	  -1.7431991000000000e+00	
  -6.0637375999999998e-01	   3.1943016000000002e+00	
   6.1899241000000005e-01	   1.6480404000000000e+00	
  -4.0516044000000001e-01	  -1.2530135000000000e+00	
   1.3730739000000001e+00	   1.2361511999999999e+00	
  -2.2517488999999999e+00	  -1.9629961000000000e+00	
  -1.4588706000000001e-01	   1.3221361000000001e-01	
  -7.6883016999999998e-01	  -1.4617039000000001e+00	
   3.5204309000000000e-01	   3.3260984999999998e-01	
   1.9352072000000001e-01	  -1.2669998000000000e+00	
   3.8462944999999998e-01	  -1.0728005000000000e+00	
   1.2086178000000000e-01	   2.1869790000000000e-01	
   1.6598885999999999e+00	   6.7197346999999996e-01	
  -4.3407734999999997e-01	  -1.1027317999999999e+00	
   2.3658409999999999e-01	  -1.2606819000000000e+00	
   1.1936777999999999e+00	   5.5415915000000004e-01	
  -5.2656245999999997e-02	  -7.4585889000000005e-01	
  -1.2450846000000000e-01	  -1.4837864999999999e+00	
  -4.5660369000000001e-01	  -3.2161341999999998e-01	
  -5.8026471000000002e-01	   1.3429275000000001e+00	
  -1.3946407000000001e+00	  -3.2192221999999998e-01	
   9.7717918999999998e-01	  -1.0111064000000001e+00	
   4.1401937000000000e-01	   1.4139926999999999e-01	
   9.3797189000000003e-01	  -2.5520162000000002e-01	
  -8.2038685000000000e-01	  -7.5955227000000003e-01	
  -1.2614497000000000e+00	  -4.5689270999999998e-01	
  -6.7996632999999995e-01	   3.1401955999999998e-01	
   9.4767091000000003e-01	   9.8510476999999996e-01	
  -1.2008624999999999e+00	  -2.4846820999999999e-01	
  -7.6913334000000000e-01	   1.3535860000000000e+00	
  -4.9032413000000002e-01	  -1.4531276000000000e+00	
  -5.2714780999999999e-01	   8.8667030999999996e-01	
  -1.7773030999999999e+00	  -8.4308499000000003e-01	
  -7.1073861999999999e-01	   9.5999274000000001e-01	
  -4.0228117000000002e-01	  -1.1130439000000001e+00	
  -5.5628456000000004e-01	  -5.0477830000000001e-01	
   8.1987591000000004e-01	   1.8349631000000000e+00	
   1.2010357000000001e-01	  -1.1176257999999999e+00	
   9.7774753000000003e-01	  -1.3275665000000001e+00	
   9.0008462000000000e-01	  -1.3644331999999999e+00	
   1.5235183999999999e+00	  -8.4975988999999996e-01	
  -5.3582593000000001e-01	  -8.1398183000000002e-01	
  -4.5965053999999998e-02	   1.5078692000000000e+00	
   6.6312073000000005e-01	   1.6951448000000000e+00	
  -6.1721775999999995e-01	  -4.5813394000000002e-01	
  -1.1997578000000000e+00	  -8.2557444000000002e-01	
   1.0198973000000000e+00	   7.2010045000000000e-01	
   1.3286848000000000e+00	  -7.7383782999999995e-01	
   9.9121232000000004e-02	  -1.0503058000000001e+00	
   5.3454922000000005e-01	   1.9910060999999999e+00	
   1.8778770000000000e+00	  -3.6846613000000000e-01	
  -1.2856631999999999e+00	  -7.5447339999999996e-01	
  -5.4142042000000001e-01	  -6.5031010000000000e-01	
  -3.8110889000000002e-02	  -7.9058028999999996e-01	
  -2.9813213000000000e-01	   1.5837904999999999e-01	
  -2.3613671999999999e-01	  -1.5449313000000000e+00	
   5.4408380000000001e-01	  -8.4207162999999996e-01	
  -2.9172953000000001e-01	  -1.3212653999999999e+00	
  -1.5149600000000001e+00	  -7.6898482000000001e-01	
   5.3767105999999998e-01	  -1.2534501000000000e+00	
  -1.8928212000000000e-01	  -1.2366839999999999e+00	
  -1.7801792000000000e-01	  -2.3821628000000000e-01	
   2.5196960000000002e-01	  -3.8902432999999997e-01	
   2.6798568000000000e-01	  -1.0838809000000000e+00	
  -1.4636186000000000e+00	  -9.0898444000000000e-01	
   7.4709245000000002e-01	  -1.0469991000000001e+00	
   1.1784455000000000e+00	  -3.3509791999999997e-02	
   4.6477941000000000e-01	  -1.2579646000000000e+00	
   1.2562321999999999e+00	   3.0535748000000001e-01	
   1.0124572000000001e+00	  -2.0480607000000001e-01	
   1.0658723000000001e+00	   5.1227328999999999e-01	
  -2.6288176999999999e-02	  -1.3466104999999999e+00	
  -1.4926628000000000e+00	   5.5492839000000005e-01	
  -4.9727758000000000e-01	  -1.2929526000000000e+00	
  -1.8101491000000000e-01	   3.4372401000000002e-01	
  -1.6011797000000001e+00	   6.8223392999999999e-01	
   1.4214481000000001e+00	  -3.2044472000000002e-01	
   1.0832562999999999e+00	  -6.2797037000000000e-01	
  -3.3840081000000001e-02	   1.5222097000000001e+00	
   5.7550055000000000e-01	  -1.0477299000000000e+00	
  -6.5503758000000001e-01	  -1.4398080000000000e+00	
   7.0700116999999996e-01	   5.2392497000000003e-02	
   1.0487871000000000e+00	   7.6819822999999998e-01	
   1.6273675999999999e+00	  -4.3026767999999999e-01	
   1.3174886000000000e-01	   1.9972900000000000e+00	
  -6.7568651999999996e-01	   1.3004654000000000e+00	
   7.6269443000000003e-01	   9.2078541000000003e-01	
  -1.1129013999999999e+00	  -6.5293990000000002e-01	
  -1.6949771000000000e+00	   6.1418147000000001e-01	
   1.1401193000000001e+00	   8.1401745000000003e-01	
  -5.9607348000000004e-01	  -9.8857762999999998e-01	
   4.1670376999999997e-01	  -1.2843507999999999e+00	
  -2.7543158000000002e-02	  -5.8208846000000003e-01	
  -1.3996742000000000e+00	  -1.5381471000000000e+00	
   4.1043593000000000e-01	   1.0123584999999999e+00	
   1.3966723000000001e+00	   5.4087971000000001e-01	
  -1.6551602999999999e+00	  -1.5242355000000001e+00	
   1.1675157000000000e+00	   1.3663270999999999e+00	
   1.2860761000000001e+00	   1.0738452999999999e+00	
  -4.4044564000000003e-01	  -1.2989610000000000e+00	
  -5.8336672999999994e-01	  -7.4307811999999995e-01	
   2.7491187000000000e-01	   1.1765061000000001e+00	
   5.6042082000000004e-01	   1.1786190000000001e+00	
   4.0743980000000002e-01	   1.6680800000000000e+00	
  -6.3892987000000001e-01	   1.2810771999999999e+00	
   1.4883153000000000e+00	   3.8542239000000000e-01	
   1.4795200999999999e-01	   1.2632950999999999e+00	
  -2.5482104000000000e-01	   3.8661792000000000e-01	
   2.1854641000000000e-01	   1.5921687000000000e+00	
  -6.3635923000000005e-01	  -9.8823196000000002e-01	
  -6.6961387000000006e-01	   1.2186367000000000e+00	
   8.0329114000000001e-01	   1.3545659999999999e+00	
   2.8354964999999999e-01	   1.8606881000000000e+00	
   3.8029326000000002e-01	  -1.3477243999999999e+00	
  -3.9703432999999999e-01	   5.6310908000000004e-01	
  -1.6675690000000001e+00	  -2.1212006999999999e-01	
   1.5592599000000000e+00	  -3.6728275999999999e-01	
   3.1589837999999998e-01	   1.4309550000000000e+00	
   3.5270789000000002e-01	   1.5842514999999999e+00	
  -1.2437862000000000e-01	   1.8129120000000001e-01	
   9.6455754000000005e-02	  -1.1019492000000000e+00	
   2.0530555000000001e+00	  -1.0508560000000000e-01	
   1.0808038000000000e+00	   9.2459915999999998e-01	
  -1.4462472000000000e+00	  -6.9659809000000003e-02	
   3.2496894999999998e-02	  -1.4626288999999999e+00	
   1.4582564000000000e+00	  -5.0870747999999999e-01	
  -1.1779405999999999e+00	   1.1698348000000001e+00	
  -6.0525220999999996e-01	  -1.5185398999999999e+00	
   1.7576372000000001e-01	   1.2302873000000001e+00	
  -9.1410919999999996e-01	   1.0666884000000001e+00	
   7.7022179000000002e-01	   1.3977830000000000e+00	
  -9.8215102999999998e-02	   3.9465842000000001e-01	
   1.7924717999999999e+00	   1.5006805999999999e+00	
  -6.2478049999999996e-01	   1.1362629000000000e+00	
   1.2967233000000000e+00	   7.4927632000000000e-01	
   5.4547858000000005e-01	   1.2780587000000001e+00	
  -1.8694775999999999e-01	  -1.3825517000000001e+00	
   3.1428167000000001e-01	   1.5398620000000001e+00	
  -3.2610550999999999e-01	   7.6876106999999999e-02	
  -1.8718340000000000e+00	  -1.1680345000000001e+00	
   1.4342712000000000e+00	   1.4700087000000001e-01	
   1.2094012999999999e+00	   1.2810820000000001e+00	
   1.0541643999999999e-02	  -1.2613502999999999e+00	
  -5.6049928999999998e-01	  -1.4059978000000000e+00	
   1.1039555000000001e+00	  -3.6358343999999998e-01	
   1.1960132999999999e+00	   3.6080540999999999e-01	
  -2.0236506000000001e-01	   1.6393709999999999e+00	
  -1.2678162000000000e-02	  -1.1226673000000000e+00	
  -5.3879887999999998e-01	  -1.2103048999999999e+00	
   4.4653680000000001e-01	  -1.1792438999999999e+00	
   1.3476421000000001e+00	   1.3276805000000000e+00	
  -5.6168899999999999e-01	  -1.0126261999999999e+00	
  -9.6145356999999998e-01	   1.0012116000000000e+00	
   1.3652785000000001e-01	  -8.6213291000000003e-01	
   6.8583505000000000e-01	  -1.8990602000000001e-01	
   1.3762817000000001e+00	   1.2512949000000000e+00	
  -9.4451333999999998e-01	  -6.3878767999999997e-01	
   3.7855010000000000e-01	   1.3659319999999999e+00	
   3.0614831999999997e-01	  -1.1349084000000000e+00	
   1.3667301999999999e+00	   2.1899972000000001e-01	
  -7.7284006000000002e-02	  -1.2189273000000000e+00	
   2.5261216000000002e+00	   1.4978309000000001e+00	
   1.5055360000000000e+00	   1.5242694000000001e+00	
  -1.6321806000000001e+00	   7.2780917000000001e-01	
  -2.0649416000000001e-01	  -4.7397947000000001e-01	
  -1.6111536000000000e+00	  -1.1313717000000001e+00	
   7.5903664999999998e-01	   3.2800946999999997e-02	
  -9.9369483999999997e-01	   1.1416417000000001e+00	
   6.1067804000000003e-01	   6.4923871000000000e-01	
   1.5249997000000000e+00	   3.5572880000000001e-01	
   2.1654945000000000e-01	  -9.6134397000000005e-01	
   6.9982685000000003e-02	   1.7030407000000001e+00	
  -1.1952115000000001e+00	   9.1989098000000002e-01	
  -1.4483337999999999e+00	  -1.1431206000000000e+00	
   1.7710611000000001e-01	   7.3113684000000001e-01	
  -1.5955052999999999e+00	  -1.4352719000000000e+00	
  -9.9467994999999998e-01	  -5.0660925000000001e-01	
  -1.9524457000000000e+00	  -8.9977753999999999e-01	
   1.0226580000000001e+00	  -7.2841840000000002e-01	
   1.8476002000000000e+00	  -3.7682104999999999e-01	
   1.0019000000000000e+00	   2.5398185000000001e-01	
  -4.4591169000000003e-01	  -1.2755728000000000e+00	
  -3.7006338000000000e-01	   1.4784154000000000e+00	
   7.0577926000000002e-01	   1.3782930000000000e+00	
  -7.5256018000000002e-01	  -1.0767180999999999e+00	
   2.3400088999999999e+00	  -1.2545579000000000e+00	
   1.1219984000000001e+00	   8.2152997000000005e-01	
   6.2373887000000003e-02	  -1.0530196999999999e+00	
   8.5696956000000002e-01	   8.7519250999999998e-01	
  -1.0063932000000000e+00	   1.2142682000000000e+00	
  -1.0861381999999999e+00	   4.3736533999999999e-01	
   4.1786416999999998e-01	   6.1628371000000004e-01	
   6.8893861000000001e-01	  -1.8704652999999999e-01	
  -1.0155802000000000e-01	   1.5735204000000000e+00	
   3.1402404000000000e-01	  -1.2546165000000000e+00	
   5.9931336999999996e-01	   1.1351066000000001e+00	
   1.5472279999999999e-01	   3.7312390000000001e-02	
   5.5056384999999999e-02	   1.3447727000000000e+00	
  -5.0862182000000000e-01	   9.1174573000000003e-01	
   1.2268150000000000e+00	  -2.1991383999999998e+00	
   5.5992629999999999e-01	   1.6965892000000000e+00	
  -3.8134927000000002e-01	  -1.0835478999999999e+00	
   4.9477795000000002e-01	  -2.8052180999999998e-01	
  -1.4457764000000001e-03	  -6.9953564000000001e-01	
  -1.6458272000000000e+00	  -6.9241696000000005e-02	
   3.1779542999999999e-01	   6.2089287999999998e-01	
  -6.5306279000000000e-01	   4.3280002000000001e-01	
  -1.1305272000000000e+00	   5.9979055999999997e-01	
   1.0383377000000000e+00	   9.5224989000000004e-01	
  -1.5263470000000001e-01	  -1.1461914000000000e+00	
   3.0763504000000003e-01	  -9.1281029999999996e-01	
   1.0454692000000000e-01	   1.7650532000000001e+00	
  -9.5676148000000003e-02	  -1.0550132000000001e+00	
  -1.8514231000000001e+00	   5.4478934999999995e-01	
  -5.9294219000000004e-01	   1.2795069999999999e+00	
   1.1763991000000000e+00	   5.0652094000000003e-01	
  -6.6037469999999998e-01	   1.4088247000000000e+00	
   5.6592885000000004e-01	  -9.7719237999999997e-01	
  -1.1644273000000001e+00	   4.1015442000000002e-01	
   3.3540699000000002e-01	   1.1515074000000001e+00	
  -1.3250274000000000e+00	  -1.2015273000000000e-01	
  -1.5744073000000001e+00	   9.0544080999999998e-01	
   7.5634157999999996e-01	  -7.0902936999999999e-02	
   2.7190363000000001e-01	  -1.1230652999999999e+00	
  -1.3565784000000001e+00	  -2.5794204999999998e-01	
  -3.1429718000000001e-01	  -9.1855891000000001e-01	
   9.0963647000000003e-01	   8.6421733999999995e-01	
   4.4764637000000002e-01	   7.0991282000000000e-01	
  -7.4730865000000002e-01	   4.6827917000000002e-01	
   9.1620296999999995e-01	  -2.5505470999999998e-02	
  -4.4293858999999998e-02	  -3.3473723999999999e-01	
  -1.5110705999999999e-01	   1.6624318000000000e+00	
   6.8870061999999999e-01	  -5.0638875000000005e-01	
   8.3317067000000000e-01	   6.5292781000000000e-01	
   5.5264442999999996e-01	  -1.7220216999999999e-01	
   9.5310877999999999e-01	   7.1885383999999997e-01	
  -2.9395697000000002e-03	   5.1293875000000000e-01	
  -1.5183286000000000e+00	   5.0553234999999996e-01	
   7.2387663000000002e-01	   4.1694882000000000e-01	
  -1.4530926000000000e-01	   1.6736385000000000e+00	
  -1.9758004000000001e-01	  -6.6075099999999998e-01	
  -1.9617675000000001e+00	  -9.4170248000000001e-01	
  -1.5343621000000001e+00	  -6.6454122999999998e-01	
  -3.8114647000000001e-01	  -9.1736216000000004e-01	
   4.8255471000000001e-02	   8.6618455999999999e-01	
   1.5729546999999999e+00	  -7.8589790000000007e-02	
  -9.0328478000000001e-01	   1.0095032000000000e-01	
  -8.7695016000000003e-01	   2.6338971999999999e-01	
  -4.8845228000000002e-01	  -5.6582337999999999e-01	
   1.0635452999999999e+00	   6.2906315999999995e-01	
   5.2618647999999997e-02	  -1.3137403000000001e+00	
   7.3963920000000005e-01	   2.0320768000000000e-01	
   8.8347960000000003e-01	   1.0624851000000000e-01	
   2.4595301999999999e-01	  -7.6674730000000002e-01	
   8.3893967999999997e-01	  -1.1518221000000000e+00	
   7.8807143999999996e-02	  -9.9847019999999995e-02	
  -1.0724044000000001e-01	  -1.4989931000000001e+00	
  -5.9378103999999998e-01	  -1.2146882000000001e+00	
  -1.1827068999999999e+00	  -5.2183844999999995e-01	
  -2.1905020999999998e+00	  -1.3004049000000000e+00	
  -4.8649301000000000e-01	  -1.6192260999999999e+00	
  -5.8445772000000000e-02	   5.4034795000000002e-01	
   9.3078488999999998e-01	   7.8344864000000003e-01	
  -1.2564985000000001e-01	  -1.6723173000000000e+00	
   9.5295943999999999e-01	   1.1438633000000000e+00	
   4.2484783999999998e-01	  -1.2066751000000000e+00	
   1.0845748000000000e+00	  -9.9637936999999999e-01	
   2.0074521000000001e+00	  -6.9536078999999995e-01	
   5.0061012000000005e-01	   2.5115041000000001e-02	
  -7.8166850999999996e-02	  -1.0955429000000001e+00	
  -1.6687282000000001e+00	  -4.5134896000000001e-03	
  -2.0014124999999998e+00	   4.0346256000000003e-01	
  -5.5404682000000005e-01	  -3.7969321000000000e-01	
  -1.0246550000000001e+00	   1.5268136000000001e+00	
  -4.9910104999999999e-01	  -2.4084464999999999e-01	
  -2.8225781000000000e-01	   1.7824430000000000e+00	
  -2.3733865000000000e-02	   3.0286564999999999e-01	
  -6.1475668000000006e-01	  -9.6970975999999998e-01	
  -1.1950559999999999e+00	   6.5889145000000005e-01	
   3.5024418000000002e-01	   1.2192729000000000e+00	
  -3.1511379000000000e-01	  -1.3003480999999999e+00	
   4.7891448000000003e-02	  -1.0609436000000001e+00	
  -7.1696640000000000e-01	   4.5502732000000001e-01	
