   1.1763991000000000e+00	   5.0652094000000003e-01	
   9.5266693000000002e-01	  -1.2980807999999999e+00	
   2.3812077000000001e-02	   8.3567512999999996e-02	
   2.8403001000000000e-01	   2.3061099000000000e+00	
   6.8487624999999996e-01	   2.1967636000000001e+00	
   4.3471190999999998e-01	   1.3070980000000001e+00	
   2.3738480000000002e+00	   1.0733991000000001e+00	
  -1.4588706000000001e-01	   1.3221361000000001e-01	
  -1.1936422000000000e+00	  -3.2780294999999998e-01	
   8.5912295000000005e-01	  -9.5174217999999999e-01	
  -1.1504866000000000e+00	  -4.9761180000000002e-02	
   4.0897915000000001e-01	  -1.5082685000000000e+00	
  -7.0439015999999999e-01	  -8.0170715000000004e-01	
   1.7083244000000000e-01	  -5.0222065000000005e-01	
   1.6764151000000000e+00	   1.1272453000000000e-01	
  -8.2775445000000003e-01	  -8.2041911000000001e-01	
   1.4431027999999999e+00	  -4.4702651000000003e-02	
  -1.2388492000000000e+00	  -9.1910091999999999e-01	
  -3.3745574000000000e-02	  -1.3642871000000001e+00	
   1.8375486999999999e-01	   1.6995412999999999e+00	
  -6.8008636000000000e-01	   1.6834495000000000e+00	
   4.1017777999999998e-02	  -1.1311979000000001e+00	
  -1.0843878000000000e+00	  -8.6785323999999997e-01	
   1.2446633000000000e+00	   1.4536024000000001e+00	
  -5.5834505999999995e-01	   5.7241089000000001e-01	
  -3.4059817999999997e-01	   1.5475816000000000e+00	
  -7.6883016999999998e-01	  -1.4617039000000001e+00	
   1.2166924000000000e-01	   5.9927617000000000e-01	
   7.6778438000000004e-01	  -1.2486052000000001e+00	
  -7.3368714999999995e-01	   8.8148037000000001e-01	
  -1.4251890000000000e+00	  -3.5655226000000001e-01	
  -1.6458272000000000e+00	  -6.9241696000000005e-02	
   8.2411955999999997e-01	   4.5048944000000002e-01	
  -1.9908646999999999e+00	  -9.1206991000000004e-01	
  -9.7445011999999998e-01	  -1.4334336999999999e+00	
   3.8591284999999997e-01	  -9.9705049000000001e-01	
   1.3317167999999999e+00	  -8.0225614000000001e-02	
  -1.5809614000000001e+00	   4.5590772000000002e-01	
  -1.1895218000000001e+00	  -1.0045743000000000e+00	
  -6.0496154000000003e-02	   1.6483325000000000e+00	
  -1.4135600000000001e-01	  -7.9703877000000001e-01	
   2.2204391999999999e+00	   1.3143005000000001e+00	
   1.1479239000000001e+00	   4.3611500999999997e-02	
  -2.9395697000000002e-03	   5.1293875000000000e-01	
   8.7915838999999996e-01	   1.0308725999999999e+00	
   7.7913314000000000e-01	  -8.1452349000000002e-01	
  -1.5346215999999999e-01	   1.9689246000000000e+00	
   4.0879905000000000e-01	  -5.7167852999999998e-02	
  -4.0297223999999998e-01	  -4.8806086999999998e-01	
  -5.0468742000000000e-01	   1.1663956000000000e+00	
   5.1325681000000001e-01	   7.4114915000000003e-01	
   1.2850217000000000e-01	  -8.8858037999999995e-01	
   1.2605451000000001e+00	  -3.2806054000000001e-01	
   3.2444582999999999e-01	   1.6826196000000000e+00	
  -8.8983151999999999e-01	  -1.1684053999999999e+00	
  -1.7940855000000000e+00	  -9.5391605999999995e-01	
  -1.7017157000000001e+00	  -5.6909080000000001e-01	
   3.6906011000000000e-01	   4.9002706000000001e-01	
   1.0390722999999999e+00	  -1.1310604000000000e+00	
  -1.0162916000000000e+00	   6.1868330000000005e-01	
   8.0178435000000003e-01	   8.5217546000000000e-01	
  -1.3127508000000001e+00	   2.3928578000000000e-01	
  -1.5820702000000000e+00	   8.0708994999999994e-01	
  -7.3932805999999995e-01	  -6.5975810999999995e-02	
   1.3664774000000000e+00	  -6.4291752000000002e-01	
   1.1936777999999999e+00	   5.5415915000000004e-01	
   1.3726703000000000e+00	   6.2469649999999999e-01	
   1.0939449000000001e+00	  -1.3729437000000000e+00	
  -1.1257336000000000e+00	   1.9348055000000000e-01	
   2.4473321000000001e+00	   1.2503852000000000e+00	
  -1.4553020999999999e-01	  -8.6889729999999998e-01	
  -1.4502941999999999e-01	  -1.3873355999999999e+00	
  -3.6677599999999998e-02	  -1.4405234000000000e-01	
   8.1059749000000003e-01	   9.1137522999999998e-03	
  -8.7865789999999999e-01	  -9.7537826000000005e-01	
   3.4612432999999998e-02	   1.6992966000000000e+00	
   6.8254570000000003e-01	   1.0663666999999999e+00	
  -4.5193826999999998e-01	  -1.2206383999999999e+00	
   1.0313818000000000e-01	   3.2948759999999999e-01	
  -1.4489846000000000e+00	  -4.6141050000000003e-02	
  -9.0081204999999998e-01	  -1.1296417999999999e+00	
  -6.9273304000000002e-01	  -1.1287785000000000e-01	
   7.8051811999999998e-01	   1.0842908000000000e+00	
   2.0934020000000001e-02	  -9.7303784999999998e-01	
  -9.1413854999999999e-01	   4.2461674999999999e-01	
   5.9479269000000001e-01	   5.4622943999999996e-01	
   3.2810277999999998e-02	   1.2171124000000000e+00	
  -6.6524806999999997e-01	   3.5708319999999999e-01	
  -7.4487521000000001e-01	   9.8701013999999998e-01	
  -4.3932611999999999e-01	   3.3082799000000002e-01	
   1.8805002000000001e-01	   9.1396118999999998e-01	
   8.2726246999999997e-01	   7.5499892000000002e-01	
  -1.2783648999999999e+00	   2.1260698000000000e-01	
   6.5983355000000000e-03	  -9.9376171999999996e-01	
  -1.9335229000000000e+00	   9.5964395000000002e-01	
  -8.9913633999999998e-01	   6.2110521000000002e-02	
   4.5045234000000001e-01	   1.6017021000000000e+00	
  -5.1820211999999999e-01	  -9.1426459999999998e-01	
  -2.0339366999999999e+00	  -1.2328195000000000e+00	
   7.3428743000000005e-02	  -1.6208939000000000e-01	
   1.4883153000000000e+00	   3.8542239000000000e-01	
   1.8866411999999999e+00	  -6.3318129000000001e-01	
   2.0028220999999999e+00	   1.2838172999999999e+00	
  -1.4809696000000001e+00	  -1.2305387999999999e+00	
   1.0781346000000001e+00	   1.3581140000000000e+00	
   6.5649164000000004e-01	   8.4419692000000002e-01	
  -1.3471301999999999e-01	   7.0710960000000003e-02	
   2.3658409999999999e-01	  -1.2606819000000000e+00	
   1.3762817000000001e+00	   1.2512949000000000e+00	
   1.1728643999999999e+00	  -1.3890399000000000e+00	
   2.4329497999999998e+00	   1.3944842000000000e+00	
   5.5060116999999997e-01	   1.4767421999999999e+00	
  -2.0934205000000001e+00	  -1.2220629000000001e+00	
  -1.1222665000000001e+00	  -2.9652056999999998e-01	
   1.5857484999999999e-01	   1.5081884999999999e+00	
  -2.1093688999999999e-01	  -4.9161561999999998e-01	
   3.1020678000000002e-01	   5.6986281000000005e-01	
   9.7717918999999998e-01	  -1.0111064000000001e+00	
  -6.9191342000000000e-01	   7.5875853000000004e-01	
  -1.2335091000000000e+00	  -7.0269097000000003e-01	
   5.1200007000000003e-01	  -1.3365069000000001e+00	
  -2.1093120999999999e+00	   1.9263531000000000e-01	
  -7.6029524000000001e-02	  -1.1247792999999999e+00	
  -8.2350661999999997e-01	   1.1009268000000001e+00	
   8.3196179999999997e-01	   4.4189898999999999e-01	
   8.7591129999999995e-01	  -8.0745984999999998e-01	
   1.0718365999999999e+00	   6.1026294000000003e-01	
   2.1773921000000001e+00	   1.1275113999999999e+00	
  -9.2762992000000000e-01	   1.5491136000000001e+00	
  -2.7799659999999998e-01	  -1.0854553000000000e+00	
  -7.7864434000000005e-01	  -1.1439363000000000e+00	
  -1.9156122000000001e-02	  -1.0331011000000001e+00	
   8.2634733999999999e-01	   8.3977126999999996e-01	
  -6.4158981999999998e-01	  -1.3495277000000001e+00	
  -1.3015124000000000e+00	  -1.0818631999999999e+00	
   9.6348263000000003e-02	  -1.3778462000000000e+00	
   9.0818191000000004e-01	   1.4833818999999999e+00	
  -6.6037469999999998e-01	   1.4088247000000000e+00	
   1.3488492999999999e+00	  -4.6148810000000001e-01	
   1.8235896000000000e+00	   1.4304720000000000e+00	
   4.4889127000000001e-01	  -4.8884456000000000e-02	
   7.7022179000000002e-01	   1.3977830000000000e+00	
   6.8110836999999994e-02	  -7.6037639000000001e-01	
   3.6496944999999997e-01	   6.3249390999999999e-01	
   1.4898895999999999e+00	   1.5869180000000001e+00	
   1.0941694000000000e+00	  -6.4317055999999995e-01	
  -6.0961831000000000e-01	  -3.0589636999999997e-01	
   1.8162563999999999e-02	   1.6764460999999999e+00	
  -5.9826246999999999e-01	  -1.3514393000000000e+00	
  -9.9418717999999995e-01	   1.9152499000000001e-01	
   1.4416540000000000e+00	   8.9828901000000005e-01	
  -1.8446054000000001e+00	   9.3182607000000001e-02	
   8.2375096000000003e-01	  -6.7253381999999995e-01	
   1.5272840999999999e+00	  -1.8055752000000000e+00	
   1.2202983999999999e+00	  -1.7229398999999999e-02	
  -6.9292986999999995e-01	   1.2822910000000001e+00	
  -1.0740232999999999e+00	  -3.0597173999999999e-01	
  -4.6071791000000001e-01	   3.4270086000000000e-01	
  -1.1385338000000000e-01	  -1.4967296000000001e+00	
  -9.5290036000000000e-01	   1.0564007000000000e+00	
  -6.7358835000000006e-02	   1.8518437999999999e+00	
  -1.1584653000000000e+00	  -1.0086926000000001e+00	
  -2.6932576000000003e-01	  -1.4685817999999999e+00	
   1.2217538999999999e+00	   2.1723426000000001e-01	
  -9.0999585999999999e-01	  -6.0712613000000004e-01	
  -7.5328355000000002e-01	  -1.2505691000000001e+00	
   1.2777502999999999e+00	   1.3515839999999999e+00	
   1.0345154999999999e+00	   2.5249798000000001e-01	
  -1.1595700000000000e-01	   1.2616201000000000e+00	
  -1.5955052999999999e+00	  -1.4352719000000000e+00	
   1.5853375000000000e-01	   5.8576665999999999e-01	
  -9.4333073999999995e-01	  -1.2588345000000001e+00	
  -5.3550145999999998e-01	   1.1942539000000001e+00	
  -8.2130373000000001e-01	  -1.4430586999999999e+00	
  -1.3717740000000000e+00	   9.6798921000000004e-01	
   1.8501761000000001e+00	  -5.5811619000000001e-01	
  -2.4625856000000002e-02	  -1.4091186000000000e-01	
  -3.1693943000000002e-01	   1.7655936000000001e+00	
  -1.5314532000000000e-01	  -1.2233178000000000e+00	
  -5.8094676000000001e-01	  -1.2704587000000001e+00	
   2.8189521000000001e-01	  -7.6099607999999996e-01	
  -7.0696004000000001e-01	  -5.6786627000000001e-01	
   5.0117982999999999e-01	   5.5262894000000000e-02	
   1.5974875999999999e-01	  -6.1581485999999996e-01	
   1.8019505000000000e+00	   7.5654604999999997e-01	
  -1.2476381999999999e+00	   9.8464969000000002e-01	
   4.0645049999999999e-01	  -7.0707511000000001e-01	
  -9.6415744000000003e-01	  -1.1744387000000001e+00	
   9.6678984999999995e-02	  -1.4047183000000001e+00	
   1.4072133000000000e+00	   8.2974157000000004e-01	
   1.4514346000000000e+00	  -2.5997384000000001e-01	
  -1.4912045000000000e+00	   8.8519559999999997e-01	
  -1.3832412000000001e+00	  -8.2592993999999997e-01	
   8.3079333000000000e-01	   1.3473636000000000e+00	
   1.0845748000000000e+00	  -9.9637936999999999e-01	
  -4.7060992000000001e-01	  -9.1881738000000002e-01	
  -1.4458720000000000e+00	  -1.2226941000000000e+00	
   8.1132850999999995e-01	   1.0741731999999999e+00	
  -1.8718413000000000e+00	  -7.8014099999999997e-01	
   9.0331435000000004e-01	  -3.3879782000000003e-01	
   8.0192982999999995e-01	   1.2108433999999999e+00	
   1.7065408000000000e+00	   1.3935972999999999e+00	
  -4.7562398000000000e-01	  -1.4939536000000000e+00	
  -6.5097804999999997e-01	  -1.0332117000000000e-01	
   1.2268150000000000e+00	  -2.1991383999999998e+00	
   9.1322088000000001e-01	  -3.1776048000000001e-01	
   9.7276737000000002e-01	   4.5654275000000000e-01	
   1.4456378999999999e+00	   2.7257326999999998e-01	
   7.2533347000000004e-01	   1.3254499000000000e+00	
   4.2385883000000002e-01	   5.3306536000000002e-02	
  -1.0689047000000000e+00	  -1.1107062999999999e+00	
   1.6104012000000001e+00	   5.8190390000000003e-01	
  -7.5413662999999997e-01	   1.1911502000000000e+00	
   5.0180583999999995e-01	  -5.3641583999999998e-01	
  -3.8431774000000002e-01	  -3.9723433000000002e-01	
  -1.9384965000000001e+00	  -1.0310701000000000e+00	
   1.1113618999999999e+00	  -6.2820702000000006e-02	
  -9.7969870000000003e-01	  -1.4864316000000000e+00	
  -7.0946482000000000e-01	  -9.4241074999999996e-01	
  -2.6354543000000001e-02	  -9.5162276999999995e-01	
  -6.6846866000000005e-01	  -1.1329102000000000e+00	
  -4.6086669000000002e-01	  -1.0736494000000001e+00	
   3.0299341000000002e-01	  -1.1842949000000000e+00	
   6.3049781000000005e-01	  -1.2279682000000001e+00	
   1.0851940000000000e-01	   1.6519515000000000e+00	
   2.2388479000000000e-01	   1.7476710000000000e+00	
  -8.7657605000000005e-01	  -1.0813918000000000e+00	
   6.6312073000000005e-01	   1.6951448000000000e+00	
   1.4891498000000001e+00	   1.5458016999999999e+00	
   3.4494151000000001e-02	  -6.9067847000000004e-01	
  -1.2740041000000000e+00	  -6.8797047000000000e-01	
  -7.5968239000000004e-01	  -1.2572409000000000e+00	
   8.6500767999999999e-03	  -9.1758706000000001e-01	
   6.0846995000000004e-01	   1.3450021000000000e-02	
   2.3683181000000002e+00	   1.1388537999999999e+00	
  -4.3009489000000001e-01	  -1.3989589000000000e+00	
  -1.5143257999999999e+00	  -1.9312881000000001e-01	
   6.7670101000000005e-01	   1.0286795000000000e+00	
   2.0394701999999998e+00	  -4.6169424999999997e-01	
  -1.2077260000000001e+00	  -7.8466513000000004e-01	
   5.3480581000000005e-01	   1.3991939000000000e+00	
  -2.4403475999999999e-01	  -1.1984755000000000e+00	
   2.6183180000000000e-01	  -5.3787204000000000e-01	
  -1.9680967000000000e+00	  -2.7105085000000001e-01	
   1.2388896000000000e+00	   3.4171706000000002e-01	
  -1.4863550999999999e+00	   7.4381757000000004e-01	
   2.1249319000000000e-01	   1.8068327000000000e+00	
  -1.0603133000000000e+00	  -9.3671819999999995e-01	
   5.2168276999999996e-01	   1.3559593000000001e+00	
  -6.6464299000000004e-01	   1.2275849000000001e+00	
  -6.2114848999999996e-03	   1.5595574000000001e+00	
  -1.4870371000000000e+00	  -2.2093921999999999e-01	
  -1.0018412999999999e+00	   7.8044007999999998e-02	
  -1.5217566000000000e+00	  -3.3494444000000002e-03	
   6.0406146999999999e-01	  -7.0942097000000004e-01	
  -2.0014124999999998e+00	   4.0346256000000003e-01	
  -1.6900097999999999e+00	  -4.6130180999999999e-02	
  -1.6462920000000001e+00	  -7.2253513999999996e-01	
  -5.3582593000000001e-01	  -8.1398183000000002e-01	
  -1.1301662000000000e-01	   6.2582727999999999e-01	
   4.7037438999999998e-01	   1.2097243000000000e+00	
   1.9539517000000000e+00	  -1.0241541000000001e+00	
  -1.4943109999999999e+00	  -4.9802423000000001e-01	
   3.8446924999999998e-01	  -3.1427972999999998e-01	
   1.7420355999999999e+00	   1.9467158000000001e-01	
  -3.1429718000000001e-01	  -9.1855891000000001e-01	
  -3.1959776000000001e-01	   7.0721975999999998e-01	
   1.3708893000000000e+00	   1.2941765999999999e+00	
   1.0598494000000001e+00	   7.6332109999999997e-01	
   1.3095098000000001e+00	  -2.3813591000000001e-01	
  -6.8253737000000003e-01	   1.3946972999999999e-01	
   5.6918753000000000e-01	  -8.5814058000000004e-01	
  -2.4110334999999999e-01	  -3.7411031000000000e-01	
  -5.6063825000000000e-01	   4.7335865999999999e-01	
  -1.6551602999999999e+00	  -1.5242355000000001e+00	
  -1.3889670999999999e+00	  -4.5076949999999999e-01	
   2.8077105000000002e-01	   3.4345515999999998e-01	
  -1.7367638000000001e+00	   3.6665342000000001e-01	
   6.7557500999999998e-01	   9.2464632999999996e-01	
   4.4021599000000000e-01	   3.9856209999999997e-01	
  -1.6111536000000000e+00	  -1.1313717000000001e+00	
  -1.1163371000000000e+00	  -1.3920553000000000e+00	
  -1.0160842000000001e+00	  -2.2355464999999999e-01	
   1.1479767999999999e+00	  -1.1370210999999999e+00	
  -8.2358534999999999e-01	  -4.7125031000000001e-01	
  -4.1810570000000002e-01	  -1.2566790999999999e+00	
   5.5739839000000002e-01	  -2.5457670999999998e-01	
   3.2572742999999998e-01	   1.4484589999999999e+00	
   9.1589052000000004e-01	   1.6301467000000001e+00	
   8.1621370000000004e-01	   3.0603633000000002e-01	
   4.0315427999999998e-01	   2.9728266999999999e-02	
  -4.9628293000000001e-01	   1.0287994000000000e+00	
  -1.0343228000000000e+00	   2.7711185999999999e-01	
  -4.1427849999999999e-01	  -1.2797324999999999e+00	
  -2.6159684000000000e-01	   1.7076632000000000e+00	
   1.8926140000000000e+00	   8.3397385000000002e-01	
   1.3065070000000001e+00	  -1.7180502000000000e+00	
  -5.4206604999999997e-01	   1.1177546000000000e+00	
  -1.1338862000000001e+00	   1.0140741000000000e+00	
   1.2086581000000001e+00	  -2.7130080000000001e-01	
  -1.7452967000000000e-01	  -9.4553595000000001e-01	
   3.2053014000000002e-01	   3.9347114999999999e-01	
   1.6977901000000000e+00	   1.2061040000000001e+00	
  -2.5482104000000000e-01	   3.8661792000000000e-01	
   2.6790783000000000e+00	   1.1710373000000001e+00	
  -1.3074474999999999e-01	   1.7603321000000001e+00	
  -1.5785860000000000e+00	  -7.9812174000000002e-01	
   3.9994243000000002e-01	  -1.3935981000000000e+00	
  -8.6223081999999995e-01	   1.0101895000000001e+00	
   2.7292288000000001e-02	  -6.8297547000000003e-01	
   3.7865051000000000e-01	  -7.5503730000000002e-01	
  -2.4679332000000001e-01	   7.7480760000000004e-01	
  -1.8075505999999999e+00	  -4.8768675000000000e-01	
   2.4701160999999999e-01	   4.0997387000000002e-01	
   1.1205812000000000e-01	   2.3829855999999999e-01	
  -1.3379847000000000e+00	   7.1678724000000005e-01	
  -2.0822608000000001e-01	  -6.4614470000000002e-01	
   7.2482822999999996e-01	  -9.8977168999999998e-01	
  -7.2379024000000003e-01	  -1.2585750000000000e+00	
   4.6773016000000001e-01	   9.8564706999999996e-01	
   9.1893698000000001e-01	   7.9752745000000003e-01	
   9.0947993000000005e-02	  -1.3949128000000000e+00	
   4.5076505000000000e-01	  -1.2349745999999999e+00	
   1.4867737999999999e+00	  -8.8571155000000001e-01	
   1.0320244000000001e+00	   7.6559105000000005e-01	
   1.8268110000000000e+00	   4.5200583999999999e-01	
  -1.5781366999999999e-01	  -1.0836834000000000e+00	
   3.1819821999999998e-01	   1.3952118000000000e+00	
   7.6231910999999997e-01	  -3.3359188000000001e-01	
  -7.4761520999999997e-01	  -5.7011270000000003e-01	
   6.5890572999999997e-01	  -9.8507109000000004e-01	
  -1.0761691000000000e+00	   7.2040939999999998e-01	
   1.3594520999999999e+00	  -1.1739906000000000e-01	
  -8.7418054000000001e-01	   9.2198152000000000e-01	
   7.0275902999999995e-01	  -5.8288923999999998e-01	
   1.9630023999999999e-01	   1.0793387999999999e+00	
   1.1534007000000000e-01	  -4.4330877000000002e-01	
   2.2076672999999999e-01	   9.4569519000000002e-01	
   2.9980863000000002e-01	  -1.1789479000000000e+00	
   1.2436673000000000e+00	  -1.4541875000000001e-01	
   2.3787448999999999e-01	  -1.5103077000000000e+00	
  -9.2218222000000005e-01	   5.3338808000000004e-01	
  -5.8273156000000004e-01	  -1.0537669999999999e+00	
  -7.6199901000000003e-01	  -1.1072508000000001e+00	
  -1.1688474000000000e+00	  -5.5583563000000002e-01	
  -5.3170717999999995e-01	   1.8127109000000000e-01	
   1.1941857000000000e+00	   6.9699423999999999e-01	
   8.4846741999999997e-01	   4.0190615000000002e-01	
   1.2558518000000001e+00	  -1.8072487000000001e-01	
  -9.5125592000000003e-01	   1.3902292999999999e+00	
   9.0047678000000006e-03	   9.2818197999999996e-01	
  -1.3736602000000000e+00	   8.0765423999999997e-01	
   1.4282439999999999e-01	  -1.5578192000000000e+00	
   2.2584185000000001e-01	  -1.0186523999999999e+00	
   6.2692645000000002e-01	   1.2495509000000000e-01	
   4.9981734999999999e-01	   7.6151930000000001e-01	
  -1.4662930000000001e+00	  -8.1675975999999995e-01	
  -1.3313628000000000e+00	  -2.7611862999999998e-01	
   6.5854826000000000e-01	   1.2822444000000000e+00	
   9.9489066000000004e-01	   5.0168480000000004e-01	
   2.2488115000000000e-01	   1.3410489000000001e+00	
   1.3239986000000001e-01	  -1.4886891000000000e+00	
   1.1818495000000000e+00	   8.0036098999999999e-02	
   1.2465276999999999e+00	  -1.1837279000000001e-01	
  -1.7515896000000000e+00	  -1.9203904999999999e+00	
  -1.1210300000000000e+00	  -1.1975969000000000e+00	
   9.2725890000000000e-01	  -1.1184318000000000e+00	
   1.1337710000000001e+00	   1.3763022000000000e+00	
   2.5075029999999998e-01	   1.7116417000000000e-01	
   1.4372640000000001e+00	  -1.7278134999999999e+00	
  -2.3112592000000001e-01	  -7.4980117999999996e-01	
  -2.3793570999999999e-01	  -1.4919201000000000e+00	
   3.7870120000000002e-01	   1.3620040000000000e+00	
   1.6690398000000000e+00	   8.7692504000000004e-02	
  -3.8134927000000002e-01	  -1.0835478999999999e+00	
   2.9503161000000000e-01	  -2.7347635999999997e-01	
  -7.2349243999999993e-02	  -4.2815014000000001e-01	
   5.5310556000000000e-01	   1.5408271000000000e+00	
   3.6060440999999999e-01	   9.3119333000000004e-01	
  -1.8708959999999999e+00	  -1.0014425000000000e+00	
   3.0763504000000003e-01	  -9.1281029999999996e-01	
  -2.9460532000000000e-01	   5.6544715000000001e-01	
  -2.5391511999999999e-01	  -1.2679712999999999e+00	
   1.7490269000000000e-01	  -8.8724276000000002e-01	
   1.9266159000000000e+00	  -8.4231887000000005e-01	
   9.5527468999999998e-01	  -2.2964629000000000e-01	
  -7.3450261999999999e-01	  -1.1885705000000000e+00	
   1.5731269000000001e+00	   1.1598287000000000e+00	
  -6.9192654000000006e-02	   1.7283690000000000e+00	
  -1.9241575000000000e+00	  -1.0558974999999999e+00	
  -2.1904429000000000e-01	   5.2375627999999996e-01	
  -1.2461069000000000e+00	  -5.7638785999999997e-01	
  -2.2601144000000001e-01	  -1.0937995000000000e+00	
   2.1765298000000000e-01	   1.3219023999999999e+00	
   1.3886769000000001e+00	  -1.1052624000000000e+00	
  -7.1694594000000000e-01	   1.2291396999999999e+00	
  -3.9586320000000003e-01	  -1.3808324999999999e+00	
  -1.4229101000000000e+00	   1.1342957000000000e+00	
   8.2252840000000005e-01	  -1.2052064000000000e+00	
   3.2185092999999998e-01	   1.6803933000000000e+00	
