  -1.3702493000000000e+00	   1.4995643000000000e-01	
   1.4025179000000001e+00	   8.5491518000000000e-01	
   2.3269913999999998e+00	   1.2059095000000000e+00	
  -1.0408051000000000e+00	  -1.0767209000000000e+00	
  -2.1905020999999998e+00	  -1.3004049000000000e+00	
  -1.0689047000000000e+00	  -1.1107062999999999e+00	
   8.0178435000000003e-01	   8.5217546000000000e-01	
  -8.2303510000000002e-01	   7.2938723000000005e-01	
   1.2669070000000000e+00	   3.0121261999999999e-01	
   4.2237061999999997e-01	  -9.3408859000000000e-01	
  -1.0970019000000000e+00	  -1.1672477999999999e+00	
  -8.9954895000000001e-01	   8.5829959000000000e-01	
   1.3829639000000000e+00	   1.2663483000000000e+00	
  -1.2809847000000001e+00	  -5.4239256999999996e-01	
  -1.2476381999999999e+00	   9.8464969000000002e-01	
  -5.8322070000000004e-01	  -1.3473856000000000e+00	
   7.4263148999999995e-01	  -1.1841060999999999e+00	
   2.7190363000000001e-01	  -1.1230652999999999e+00	
   5.1953682999999995e-01	   1.2549690000000000e+00	
  -1.1746570000000001e+00	   1.2555182000000001e-01	
  -3.4554298000000000e-01	  -1.4984843999999999e+00	
   3.5743139000000002e-01	   6.4671946999999996e-01	
  -1.5512670000000000e+00	  -6.6285684000000000e-01	
  -6.3849747000000001e-01	   1.3186804999999999e+00	
   1.5729546999999999e+00	  -7.8589790000000007e-02	
   5.6808941000000002e-01	   2.4408015000000000e-01	
   1.2130067000000000e+00	   8.2737324000000008e-03	
  -1.1865576000000000e+00	  -6.3793668000000003e-01	
   1.2902849999999999e+00	  -4.9861970000000000e-01	
  -5.3940584999999996e-01	  -1.3904763000000000e+00	
   4.3925597999999999e-01	  -1.0906837000000000e+00	
  -1.0677234000000000e+00	  -7.0920236000000003e-01	
   2.8906475999999998e-01	   5.9814062999999995e-01	
  -1.8075505999999999e+00	  -4.8768675000000000e-01	
  -1.0076033000000000e-01	  -1.2154697000000000e-01	
   5.7864981000000004e-01	  -1.0228607999999999e+00	
  -8.4335567000000000e-01	   1.4014892000000001e+00	
  -7.5503198000000005e-01	  -7.5902223000000002e-01	
  -6.1831654000000000e-02	   3.5754049999999998e-01	
  -2.8541775000000003e-01	   1.3862633000000000e+00	
   1.3988172999999999e+00	   4.3039546000000001e-01	
   9.3502353999999999e-01	   5.5599723999999995e-01	
  -1.4384332000000000e+00	  -4.7040269000000001e-01	
  -4.6985322000000002e-01	  -1.1212673000000000e+00	
  -6.7262679999999997e-01	   3.1311429000000002e-01	
   6.1455446999999996e-01	  -2.2766700000000001e-02	
   4.4889127000000001e-01	  -4.8884456000000000e-02	
   4.4123621000000002e-01	  -1.1254620000000000e+00	
   1.0640034000000000e+00	   8.4231889999999998e-01	
  -1.3444575999999999e+00	   8.0475498999999995e-01	
   1.1432935000000000e+00	   6.0695871999999995e-01	
   1.1017770000000000e+00	  -3.7432348999999998e-01	
  -4.7214597000000003e-01	   2.6733320999999999e-01	
  -3.7358673999999997e-01	  -1.0785662000000000e+00	
  -4.7303192999999999e-01	  -1.5486789999999999e+00	
   2.7463351000000003e-01	  -9.8719398999999997e-01	
   5.9422958000000003e-01	   1.8035174000000000e+00	
  -1.1925185000000000e+00	  -5.2947420000000001e-01	
   1.1222916999999999e+00	   6.2559642000000004e-01	
  -1.1775536000000000e+00	   8.6164465999999995e-01	
  -1.4448928000000001e+00	  -7.4627108999999997e-02	
   1.2954665000000001e+00	  -2.8027911999999999e-02	
  -1.8960233000000000e+00	  -1.4576667000000001e+00	
   1.1319011000000001e+00	   4.0473959999999998e-01	
  -8.2775445000000003e-01	  -8.2041911000000001e-01	
   4.7526114000000003e-01	  -3.8066570000000000e-01	
  -5.5155332000000001e-01	  -1.1771628000000001e+00	
   2.7162038999999999e-01	  -1.5999870000000000e+00	
  -7.6483230000000002e-01	  -1.1344548999999999e+00	
   2.9212452000000000e-02	  -1.2130175999999999e+00	
   1.3472023000000000e+00	   4.7185451000000000e-01	
  -6.8879319000000004e-04	   2.0026863000000001e+00	
  -6.6045450999999999e-01	   9.6516762000000000e-01	
  -1.0135508000000000e+00	  -1.4662265000000001e+00	
  -1.0833313000000000e+00	  -5.9390513999999998e-02	
  -1.1537981999999999e-01	  -7.1903364999999997e-01	
  -1.2445333999999999e+00	   1.1372395000000000e+00	
  -1.1139205000000001e+00	   2.7579850000000000e-01	
  -1.3565784000000001e+00	  -2.5794204999999998e-01	
  -2.1690977000000000e+00	  -5.2289998999999998e-01	
   3.4221115000000002e-01	  -7.0137227000000002e-01	
  -6.3683898000000005e-01	   9.4218749999999996e-01	
   2.1854641000000000e-01	   1.5921687000000000e+00	
  -9.9369483999999997e-01	   1.1416417000000001e+00	
  -9.6490746999999999e-01	  -9.7827799999999998e-01	
   1.3311766000000000e+00	   4.0575081000000002e-01	
   9.5664919999999998e-01	  -7.8622572999999996e-01	
  -1.4635663999999999e+00	   5.9361713000000005e-01	
   1.7097530999999999e+00	  -4.3977753000000001e-02	
   7.1020419000000001e-01	   1.7029949000000000e+00	
   7.1346546000000000e-01	   1.0188204000000001e+00	
  -1.0058313000000001e+00	  -9.0822288000000001e-02	
  -8.9983407000000004e-01	   1.4902352999999999e+00	
  -6.3251268000000005e-01	   2.5687511000000002e-01	
  -5.2967363999999995e-01	   1.0061528000000000e-01	
  -1.9421127000000000e+00	  -7.6122150000000000e-01	
   1.3787269000000000e+00	   1.3129571000000001e-01	
  -7.9069440000000005e-02	  -1.3767048000000000e+00	
  -3.8849487000000002e-02	  -9.8421800999999998e-01	
   1.1792066000000001e+00	   7.6610648999999997e-01	
  -2.3212375000000001e+00	   8.6108806999999996e-02	
   8.7419121000000000e-01	  -1.4104707000000001e+00	
  -9.8215102999999998e-02	   3.9465842000000001e-01	
  -1.4186164000000001e+00	  -3.5961485999999998e-01	
  -3.9996306999999998e-01	   4.6270998000000002e-03	
   6.1899241000000005e-01	   1.6480404000000000e+00	
   2.5040410000000002e-01	   4.6599769000000002e-01	
   2.8189521000000001e-01	  -7.6099607999999996e-01	
  -1.1276197999999999e-02	  -7.7978725999999998e-01	
  -1.5231288999999999e+00	   3.8776514000000001e-01	
  -7.1696640000000000e-01	   4.5502732000000001e-01	
   5.1325681000000001e-01	   7.4114915000000003e-01	
   1.7212240000000001e+00	  -4.4816450000000002e-01	
   1.0674117999999999e+00	  -2.2113095999999999e-01	
  -1.4112023000000000e+00	  -2.1411002000000001e-01	
  -9.0559759000000004e-02	   2.0119817000000002e+00	
  -6.2456999000000002e-01	   1.6490962000000000e+00	
  -3.1052875000000002e-01	  -1.0652045999999999e+00	
   3.1672954000000003e-02	  -8.2063107000000002e-01	
  -7.7175574000000002e-01	  -1.3783440000000000e+00	
   2.5529014000000000e-01	   4.1246965000000002e-01	
   1.5485401000000001e+00	   4.8165066000000001e-01	
  -7.1737686000000001e-01	   1.0047575000000000e+00	
   1.4616153999999999e+00	  -1.3184578000000000e+00	
   2.6196357999999997e-01	  -1.1582888000000000e+00	
   5.1054686000000005e-01	  -7.7291776000000001e-01	
  -5.1615617000000003e-01	   8.3083108000000006e-01	
   6.2510213000000003e-01	   1.6701442000000000e+00	
  -1.9335229000000000e+00	   9.5964395000000002e-01	
  -9.4786842000000003e-03	  -3.3620456999999998e-01	
  -1.6687282000000001e+00	  -4.5134896000000001e-03	
  -6.3358283999999998e-01	   1.2138743999999999e+00	
  -8.6323227000000002e-01	   1.7419438000000001e-01	
  -6.3048077000000002e-01	   9.4882376999999996e-01	
   6.8254570000000003e-01	   1.0663666999999999e+00	
  -4.2379225999999998e-01	   2.0670045000000001e-02	
   1.4086574999999999e+00	  -8.0794971000000004e-01	
  -7.5218868999999999e-01	   3.4159613000000000e-01	
   1.0538206999999999e+00	  -3.6193322000000000e-01	
   1.1784885000000000e+00	   3.9201343000000000e-01	
   4.3107240999999998e-02	  -1.9865621999999999e-02	
   1.4921260000000000e-01	   1.9785961999999999e+00	
  -1.3045287000000001e+00	  -1.1660383999999999e+00	
   4.2813703000000002e-02	  -1.0429725000000001e+00	
   1.3901148999999999e+00	   2.6200130999999999e-01	
   3.4685452999999999e-01	  -2.4188188999999999e-01	
  -1.7111213000000001e+00	  -3.1864515999999998e-01	
   1.0077088999999999e+00	   4.4554903000000001e-01	
  -5.2231740000000004e-01	  -1.3386731000000001e+00	
   4.0237959000000001e-01	  -3.9023701000000000e-01	
  -1.4617707000000000e+00	  -2.9782805000000001e-01	
   3.8074815000000001e-01	   1.6145046999999999e+00	
   1.2166893999999999e+00	   2.4660781000000001e-01	
  -1.0861094000000000e-01	  -8.8431029000000005e-01	
  -2.1644432999999999e-01	  -1.3815411000000000e+00	
   7.0449006999999997e-01	  -9.0958991000000000e-01	
   5.7953686999999998e-01	   1.1659398999999999e+00	
   3.0296603999999999e-01	  -1.4269042000000001e-01	
   7.3946951000000005e-01	   2.1372843000000001e+00	
  -1.0203099000000000e-01	  -3.0627705999999999e-01	
  -8.6095748999999999e-01	  -8.6224710999999998e-01	
  -9.4996621000000003e-01	   1.4350041999999999e-01	
  -6.2129730999999999e-01	   1.1056216000000001e+00	
  -9.4943574000000003e-02	  -8.2072657999999998e-01	
   7.0093026000000003e-01	   5.6424229000000004e-01	
   1.1950372000000000e+00	  -1.6510054999999999e+00	
   1.6104012000000001e+00	   5.8190390000000003e-01	
   8.1871634999999998e-01	   5.4567215000000002e-01	
  -1.2460529000000000e+00	   1.0383061000000000e-01	
   8.7781187999999999e-01	  -1.3805518999999999e+00	
   1.1479239000000001e+00	   4.3611500999999997e-02	
   5.2918374999999995e-01	   7.8818029999999994e-01	
   1.2094012999999999e+00	   1.2810820000000001e+00	
   1.0523665000000000e+00	   7.0051465999999996e-01	
   2.6352069999999999e+00	   9.6565389999999995e-01	
  -2.6354543000000001e-02	  -9.5162276999999995e-01	
  -4.1511849000000001e-01	  -1.2959472999999999e+00	
  -1.3444649000000000e-01	  -1.0962631000000000e+00	
   4.2484783999999998e-01	  -1.2066751000000000e+00	
   1.1921305000000000e+00	   5.9449015999999999e-01	
   1.6187711000000000e+00	  -1.3053079000000001e-01	
  -1.4636186000000000e+00	  -9.0898444000000000e-01	
   5.5056384999999999e-02	   1.3447727000000000e+00	
   1.4726140000000001e+00	   5.7425382999999997e-01	
   1.1553369000000001e-02	  -1.0922790000000000e+00	
   1.1556424000000001e+00	   1.4783040000000001e+00	
  -8.7890794999999999e-01	   4.9919852999999997e-01	
  -1.0811404000000000e+00	  -9.5220252999999999e-01	
   3.1394788000000001e-01	   1.8404575000000001e+00	
   1.0077921000000001e+00	   1.8211020000000000e+00	
   3.2741649000000000e-01	   1.7035854000000000e-01	
  -4.8596983999999999e-01	  -8.8719258999999995e-01	
   1.6971547000000000e+00	  -4.8919360000000001e-01	
  -1.7059583000000000e-01	  -1.0888780000000000e+00	
   3.4746440000000001e-01	   4.1427270999999999e-01	
   1.6577464000000000e+00	   1.2978592000000000e+00	
  -7.8354802999999995e-01	  -6.4733906999999997e-03	
  -2.0747834000000000e-02	  -1.1396535000000001e+00	
   1.5960141000000001e-02	  -1.1321958999999999e+00	
  -7.4999656000000003e-01	  -8.8086995000000001e-01	
  -1.4488343000000001e-01	   1.6487584000000000e+00	
   5.4567043000000004e-01	  -1.1192188999999999e+00	
  -1.4290559000000000e+00	   7.0705061000000002e-01	
   1.9324063999999999e-01	   1.7201173000000001e+00	
  -4.0644593999999999e-02	   2.0916537000000002e+00	
  -2.9738334000000002e-02	  -1.5816646000000001e+00	
   2.6891262999999999e+00	   1.1174683999999999e+00	
  -1.4178823000000000e+00	  -1.2844274000000000e+00	
   2.0827116000000001e+00	   1.3488726000000000e+00	
   2.6508052999999998e-01	  -1.0559282000000001e+00	
   5.4408380000000001e-01	  -8.4207162999999996e-01	
  -7.4730865000000002e-01	   4.6827917000000002e-01	
   1.3136089000000000e+00	   1.0686279999999999e+00	
   6.8475653000000003e-01	   5.4557997000000003e-01	
  -6.1721775999999995e-01	  -4.5813394000000002e-01	
  -7.3738952000000002e-01	  -6.7720392000000004e-02	
  -7.8459036000000004e-01	  -1.1147408999999999e+00	
   8.3411935000000004e-01	  -1.7675610000000000e-01	
  -2.1093120999999999e+00	   1.9263531000000000e-01	
   7.9420700000000000e-01	   7.6228426000000005e-01	
   1.1392945999999999e+00	  -2.0871612000000000e-01	
   5.1707365000000005e-01	  -9.3118356000000002e-01	
  -5.5898104999999998e-01	   5.9414439999999999e-02	
  -2.7572511999999999e-01	   1.0513650999999999e+00	
  -7.8423058000000001e-01	   1.8062483000000000e+00	
  -2.4793893000000000e-01	  -1.6891244000000001e+00	
  -1.5538183999999999e+00	   1.2052773999999999e-01	
  -1.5333068000000001e+00	   1.2050060000000000e+00	
  -1.0416299000000000e+00	  -1.4186607000000000e+00	
  -8.0829642000000002e-01	  -1.5007512999999999e+00	
   1.2113200000000000e+00	   6.4215308999999998e-01	
  -7.8304856000000000e-01	  -1.3327709000000001e+00	
  -2.7550025000000000e-01	  -1.1920849000000000e+00	
   1.0774683000000000e+00	   1.6305051000000001e-02	
  -2.7496956999999999e-02	  -1.4151313999999999e+00	
  -7.9994010000000004e-01	  -1.3762456000000001e+00	
  -3.0035149999999999e-01	  -1.0362901000000000e+00	
   1.6639041000000001e+00	  -4.0214612999999999e-01	
   5.4547858000000005e-01	   1.2780587000000001e+00	
  -9.2722976999999995e-01	  -5.9540696999999998e-01	
   3.9919226000000002e-01	  -5.9389848000000001e-01	
  -1.0726328999999999e+00	   5.3358580000000000e-01	
   1.1915156000000000e+00	   1.1260052000000000e-01	
   6.1181965000000005e-01	   1.3731696000000000e+00	
  -1.0291706000000000e-01	  -1.7140636000000000e+00	
  -4.0053743000000003e-01	  -1.1669649000000000e+00	
   1.0037570000000000e+00	  -3.4740399999999998e-02	
   7.4309533999999999e-01	  -1.0072388999999999e+00	
  -2.6784339000000001e-01	   7.5028706999999994e-01	
  -2.0097482000000000e-01	   1.3489974000000000e+00	
   1.8752342000000000e+00	  -1.1309981000000000e+00	
   1.8890875000000000e+00	   1.0981926000000000e+00	
   2.2204391999999999e+00	   1.3143005000000001e+00	
   3.8347304999999998e-01	  -8.2356039000000003e-01	
  -1.0315936000000001e+00	  -4.2186886000000001e-01	
  -1.5217566000000000e+00	  -3.3494444000000002e-03	
   4.3009733999999999e-01	  -6.5434225000000001e-01	
  -1.3878222000000000e+00	  -1.5553760999999999e-01	
  -4.3508032000000002e-01	  -1.5321334000000000e+00	
   1.5652808000000000e+00	  -9.0898086000000000e-01	
  -8.9720120999999997e-01	  -1.0427006999999999e+00	
   3.3926068999999998e-01	   8.8073429000000003e-01	
   2.5432628000000002e-01	   2.4237787000000002e+00	
   1.2123938000000001e+00	  -1.2364485000000001e+00	
  -4.1136795999999998e-01	  -1.3422847000000000e+00	
   2.3683181000000002e+00	   1.1388537999999999e+00	
  -1.2143856000000000e-01	  -4.9787943000000001e-01	
  -7.6672258999999998e-01	  -1.2976713000000000e+00	
   1.1159566000000001e+00	  -6.5925062999999995e-01	
   4.1704934999999999e-01	  -1.5430268000000000e+00	
  -9.7392632000000001e-01	  -8.1772467999999998e-01	
  -1.2898259999999999e+00	   5.1119906999999998e-01	
   2.9613871999999999e-02	   1.2006958000000001e+00	
   1.2122354000000000e+00	   1.5106584000000001e-01	
   1.2047983000000000e+00	  -2.1285001000000001e-01	
  -8.9913633999999998e-01	   6.2110521000000002e-02	
   1.0109820000000000e-01	  -1.3870187000000000e+00	
   1.4740405999999999e+00	  -2.0486601000000002e+00	
  -1.0367243000000000e-01	  -1.0946479000000000e+00	
   2.6428088000000001e+00	   1.1447794000000000e+00	
   2.0530555000000001e+00	  -1.0508560000000000e-01	
   4.9767466999999999e-01	  -1.0234844999999999e+00	
   9.2676997999999997e-02	  -1.0150014000000001e+00	
   1.3418061999999999e+00	  -6.3171529999999998e-01	
  -2.2222654999999999e-01	   1.5620394000000001e-01	
  -1.1537757000000000e+00	   5.8736602000000004e-01	
  -1.1584653000000000e+00	  -1.0086926000000001e+00	
  -4.5475985000000002e-01	   8.6823167000000001e-01	
   2.5196960000000002e-01	  -3.8902432999999997e-01	
   1.1693005000000001e+00	   5.1054677999999998e-01	
  -3.8087628000000001e-01	  -9.5859490000000003e-01	
   1.9699287999999999e+00	   9.9027105999999998e-01	
   9.8970491000000005e-01	  -7.6239507999999998e-02	
   1.4869489000000000e+00	  -1.5570816000000001e-01	
  -1.6236468000000001e-01	  -3.3421180000000000e-01	
   1.7740810000000000e+00	   2.3946569000000001e-01	
   1.4158383000000001e+00	  -1.4560799999999999e-01	
  -1.0223447999999999e+00	  -1.2857512000000000e+00	
   1.0198973000000000e+00	   7.2010045000000000e-01	
  -2.9797047999999998e-01	  -1.2594457999999999e+00	
  -9.3620393999999996e-02	  -1.2769701000000000e+00	
  -2.6022863000000002e-01	  -1.2337180000000001e+00	
  -6.7233262000000005e-01	  -4.1436768999999998e-02	
  -5.6063825000000000e-01	   4.7335865999999999e-01	
  -3.2275189999999998e-01	  -2.1345712000000000e-01	
   1.4342712000000000e+00	   1.4700087000000001e-01	
  -2.0627792999999999e+00	  -3.3170990000000000e-01	
  -6.5232939000000001e-01	  -1.1043033000000000e+00	
  -5.0373224000000005e-01	   1.0259763000000000e+00	
  -1.3973286000000000e+00	   5.5285784000000004e-01	
   7.4597259000000005e-01	   9.9079413999999999e-01	
   1.0454692000000000e-01	   1.7650532000000001e+00	
  -7.2078485000000003e-01	   1.1867585000000000e+00	
   4.0720736000000002e-01	   1.8002022000000000e+00	
   2.0905544000000001e-01	  -4.5538967000000002e-01	
   8.2221268000000003e-01	   1.9184688999999999e-01	
  -6.0996603000000005e-01	   8.8788054000000002e-03	
  -5.3289618000000005e-01	  -4.0219582999999998e-01	
  -2.5606640000000003e-01	   1.5227902000000000e+00	
   1.7177764000000000e+00	   2.9111196999999998e-02	
  -1.1966654999999999e+00	  -1.0424419000000000e+00	
   1.7020398000000001e+00	  -5.5442550000000002e-01	
  -5.8064002000000003e-01	  -1.8235562999999999e-01	
  -3.3745574000000000e-02	  -1.3642871000000001e+00	
   8.0901954999999998e-02	   1.9267331000000001e+00	
  -1.6678887000000000e+00	   1.1025763000000000e+00	
  -8.6390098000000004e-01	  -1.5598038000000001e+00	
   1.2378629999999999e+00	   2.3543645000000000e-03	
   4.6773016000000001e-01	   9.8564706999999996e-01	
  -1.5743247000000000e+00	   9.4221193000000003e-01	
  -2.0950858000000001e+00	  -8.5886976000000004e-01	
  -1.1166676000000000e+00	   5.7648692999999995e-01	
  -6.5898120000000004e-02	  -1.3294087000000001e+00	
  -7.5413662999999997e-01	   1.1911502000000000e+00	
   2.2047172000000001e-01	  -1.3578562000000001e+00	
  -1.6656803000000001e-01	   1.0689834000000000e+00	
  -1.8702840999999999e+00	  -5.5544411999999999e-01	
  -1.6651298999999999e+00	  -1.2567454000000000e+00	
   4.4464815000000002e-01	  -1.3828172999999999e+00	
   2.8078600999999997e-01	  -3.9982461000000002e-01	
   5.0379390000000002e-01	   7.5191147999999999e-02	
  -7.6913334000000000e-01	   1.3535860000000000e+00	
   1.2481294000000001e+00	  -2.0249058000000000e-01	
   1.0147073000000000e+00	  -1.0535862000000000e+00	
   1.1879573999999999e+00	  -9.6605110999999999e-01	
  -1.6900081000000000e+00	   7.0617236000000005e-01	
  -7.1801428000000000e-01	  -1.2541536000000000e+00	
  -4.7745510000000002e-01	   6.7598634000000002e-01	
   1.0514490000000001e+00	  -7.2321785999999999e-01	
  -9.3004640000000005e-01	  -5.0239078999999998e-01	
   1.1615382999999999e+00	  -3.5669916000000002e-01	
   1.1384304999999999e+00	  -1.5726405999999999e+00	
  -1.6681541000000000e+00	  -1.4982443999999999e+00	
  -1.2838223000000000e+00	  -2.5858508000000002e-01	
  -4.6171698999999999e-01	  -7.0668730000000002e-01	
  -9.7226957000000003e-01	   4.7312711000000002e-01	
   2.2876020000000000e-01	   1.6280481000000000e+00	
  -1.0715250000000001e+00	  -3.9009625999999999e-02	
   8.3314284000000005e-01	  -2.5439434000000000e-01	
  -3.5029268000000002e-01	   2.0652908999999999e+00	
   1.3016316000000001e+00	   1.9567535999999999e-01	
   9.4767091000000003e-01	   9.8510476999999996e-01	
  -6.0669742000000004e-01	  -1.5973866000000001e+00	
  -1.5263470000000001e-01	  -1.1461914000000000e+00	
  -7.1148633999999999e-01	  -1.1295287000000001e+00	
   2.4265896000000001e-01	   3.0432092999999999e-01	
   8.1621370000000004e-01	   3.0603633000000002e-01	
  -1.2702888999999999e+00	  -2.7273408999999998e-01	
   2.3432826000000002e+00	   1.6386069000000001e+00	
   1.0103225000000000e+00	  -9.4018117999999995e-01	
  -5.4931744000000005e-01	   1.0272243000000001e+00	
  -1.0246283000000000e+00	   8.4891068000000003e-01	
  -2.9212579000000000e-01	  -2.2408592999999999e-01	
  -1.0343228000000000e+00	   2.7711185999999999e-01	
   6.5007422000000004e-01	   1.8648076000000000e+00	
  -6.7358835000000006e-02	   1.8518437999999999e+00	
   5.8362379999999998e-02	  -6.3751771000000002e-01	
   1.1796879000000000e+00	   3.3359239000000002e-01	
   1.0432011000000001e+00	  -2.3963981000000001e-01	
   3.2272571000000000e-01	  -7.9636309000000005e-01	
   3.2608060000000000e-01	   6.2583545000000004e-03	
  -6.3428220999999996e-01	   1.0823468000000001e+00	
   6.4321638000000000e-02	  -1.2822638000000000e+00	
  -1.8359497000000000e+00	  -8.4583392999999996e-01	
  -3.7680058999999999e-01	  -6.1696408999999997e-01	
  -1.4328710000000000e+00	  -1.1822877000000001e+00	
   8.9698732999999997e-01	   7.4243941999999996e-01	
  -1.8445655000000000e-01	  -1.4029138000000001e+00	
  -8.7677680000000002e-01	  -4.0148171999999999e-01	
   2.7501334999999999e-01	  -2.0205255000000000e-01	
  -6.2086788999999998e-01	   1.1645306000000000e+00	
   1.4337720000000000e+00	  -1.2052953000000000e+00	
   8.4442167999999995e-01	   1.2156522999999999e+00	
  -1.2071284000000000e+00	   4.8763791000000001e-01	
   1.3605096999999999e+00	  -4.2544956000000000e-01	
  -3.1693943000000002e-01	   1.7655936000000001e+00	
   5.5739839000000002e-01	  -2.5457670999999998e-01	
  -4.6303444999999999e-01	  -1.1982147000000001e+00	
   8.1157193999999999e-01	  -7.5057335000000003e-01	
   2.0329625999999998e+00	   1.1046864000000001e+00	
