   1.1213861000000001e+00	   1.7327753000000001e-01	
  -9.7508068999999997e-01	  -2.7343715000000002e-01	
   1.1905218000000000e+00	  -1.6729525999999999e+00	
  -3.0105526999999999e-01	   1.8196060000000001e+00	
   1.3815355000000000e+00	  -2.4421129000000000e-01	
   7.8411659000000000e-01	   9.7228802999999997e-01	
  -6.1408154999999998e-01	  -1.4252711000000000e+00	
   4.9673452000000001e-01	   2.2281499000000000e+00	
   3.2053014000000002e-01	   3.9347114999999999e-01	
   5.9247170000000005e-01	   9.7314897000000000e-01	
  -1.0343228000000000e+00	   2.7711185999999999e-01	
  -8.2008586999999999e-01	  -1.0448290000000000e+00	
  -2.7538264000000001e-01	   1.5181851000000000e+00	
  -1.3982521000000001e+00	   1.1941824000000001e+00	
  -2.2517488999999999e+00	  -1.9629961000000000e+00	
  -3.9770575000000002e-01	  -1.2775909999999999e+00	
  -1.2792342000000001e+00	  -1.1663843000000000e+00	
  -2.1795679000000001e-01	   2.0900091000000001e+00	
   2.0108875000000001e-01	   2.3980971000000001e-03	
  -1.5696086000000001e-01	   1.8430636000000000e+00	
  -8.9237942999999997e-01	   1.0160845000000001e+00	
   1.2899989999999999e+00	   4.3668878000000001e-02	
   2.7502049999999999e-03	  -5.5511927000000003e-02	
  -1.8025943000000000e+00	  -1.2524154999999999e+00	
   1.3754027000000000e+00	  -1.3613879000000000e+00	
   6.0266447000000001e-01	  -1.0758606000000000e-01	
   7.2563200999999999e-01	  -6.2551772999999999e-01	
  -1.2605762000000000e+00	   2.2977264000000000e-01	
  -1.0726328999999999e+00	   5.3358580000000000e-01	
   1.7099896000000001e+00	   2.1693282000000001e-02	
  -2.2704699000000000e-01	  -1.1937880000000001e+00	
   1.6214489999999999e+00	   5.6388659000000001e-02	
  -2.9795507999999998e-01	  -8.2347543000000001e-01	
  -1.3304289000000000e+00	  -3.9202661999999999e-01	
  -1.9671544000000001e+00	   6.1139540000000003e-01	
  -3.3544078999999999e-01	  -8.0969358000000002e-01	
   7.6903571000000004e-01	   8.5467203999999997e-01	
  -8.9078650000000004e-01	  -6.1678690000000003e-01	
   1.4632327000000001e+00	  -4.6488086999999997e-02	
  -1.0962749000000001e+00	   1.4485229999999999e-01	
   9.7956390999999998e-01	  -4.3939976999999998e-02	
   6.5099068999999998e-01	   7.4423397000000002e-01	
   1.3596221000000000e-01	  -1.4876461999999999e+00	
  -4.3369123999999998e-01	   1.9785623999999999e+00	
   3.5720036999999999e-01	  -1.0729076000000000e+00	
   9.7273020000000002e-02	  -1.3298246000000000e+00	
   4.6355045000000000e-01	  -7.9150405000000001e-01	
   7.5687886000000004e-01	  -2.0816024999999999e-01	
   1.6347110000000000e+00	  -2.1571566999999998e+00	
   1.3652785000000001e-01	  -8.6213291000000003e-01	
  -3.0502605999999999e-01	   1.9375501000000001e-01	
  -5.0651694999999997e-01	   1.2405216999999999e+00	
  -2.0501727000000001e+00	  -1.9266015999999999e+00	
   1.6007790000000000e+00	  -1.3625851000000000e+00	
  -1.1537981999999999e-01	  -7.1903364999999997e-01	
   2.4404624999999999e-01	  -6.9023358000000001e-01	
  -8.2303510000000002e-01	   7.2938723000000005e-01	
  -6.1673529999999999e-01	   1.6149260000000001e+00	
   1.0782381000000001e-01	  -1.2076133000000000e+00	
  -1.3817715999999999e-01	  -1.3698007000000001e+00	
   1.4450377999999999e+00	  -1.2368477000000000e+00	
  -8.3505240999999997e-01	  -1.0601977000000000e+00	
   9.5295943999999999e-01	   1.1438633000000000e+00	
  -1.9026407999999999e+00	   8.5633943999999995e-01	
  -1.6191034000000000e+00	  -8.9552801000000004e-01	
   3.0531500000000000e-01	   1.6324301000000001e+00	
  -4.8734169999999999e-01	  -1.1941835000000001e+00	
   4.7812431999999999e-01	   1.3090777000000000e+00	
   1.2264191000000000e+00	   3.5388259000000000e-01	
   1.1502201000000001e+00	   7.1525304999999995e-01	
   5.2774111000000001e-01	  -1.0422385000000001e+00	
   6.8249585999999995e-01	  -1.4576636000000001e-01	
   1.5015646999999999e-01	  -2.5598567999999999e-01	
  -1.0539805000000000e+00	  -4.0004836999999999e-01	
  -4.1460169000000002e-01	   2.5616249000000002e-01	
   1.0966894000000000e+00	   1.3123755000000001e-01	
   1.2330298000000001e-01	  -1.2419657000000000e+00	
   1.2272740000000000e+00	  -8.4749001999999997e-03	
   2.7131921000000000e-02	   1.8305784000000000e+00	
  -8.1683554999999997e-01	  -1.1089555000000000e+00	
   8.2278203999999999e-01	   1.0382651000000001e+00	
   1.0658723000000001e+00	   5.1227328999999999e-01	
  -3.1404528999999998e-01	  -7.1970699000000005e-01	
   1.8041418000000000e+00	  -1.0015761000000001e+00	
  -1.2039017000000000e-01	  -1.2156731000000001e+00	
   5.9208366000000001e-01	   2.3481014000000000e-01	
   4.8701103000000001e-01	   1.4539945000000001e+00	
   9.9384223999999999e-01	   3.4797868999999998e-01	
  -5.3391343000000002e-01	   1.1537176000000000e+00	
  -6.5665466000000006e-02	  -1.1888285000000001e+00	
  -1.0315671000000000e+00	   1.1814363000000001e+00	
  -1.1242388999999999e+00	   1.1025727000000001e+00	
  -1.0626488000000001e+00	   1.8103691999999999e-01	
  -5.3624403000000001e-02	   1.5980726000000001e+00	
   3.6880338000000001e-01	   4.2846786999999997e-01	
  -4.3942562000000002e-01	   1.3704175000000001e+00	
  -1.3319151000000000e+00	   7.1888182000000000e-01	
  -8.7615458000000002e-01	   2.3214435999999999e-01	
  -1.3045287000000001e+00	  -1.1660383999999999e+00	
   6.8893861000000001e-01	  -1.8704652999999999e-01	
   8.5069740000000005e-01	   1.4647140999999999e+00	
  -1.6778466999999999e+00	  -5.0975731000000002e-01	
  -2.2005246000000001e-01	  -1.1175164000000000e+00	
  -2.6380123000000000e-03	  -1.0179286999999999e+00	
  -9.3919728999999993e-02	   1.6777029000000001e+00	
  -7.2385951000000004e-01	   2.1546712000000001e-01	
   1.2977255000000001e+00	   6.4805467999999999e-01	
  -9.4451333999999998e-01	  -6.3878767999999997e-01	
   1.2666284000000001e+00	   4.9340149000000000e-01	
   5.4422996000000001e-01	   1.4105264000000000e+00	
  -1.2901975000000001e+00	   1.5245359999999999e+00	
  -3.1765663000000000e-01	   3.1721543000000002e-01	
   1.7895989000000001e+00	  -4.5874822999999998e-01	
  -1.8957666000000000e+00	  -1.1005996000000000e+00	
  -1.4186164000000001e+00	  -3.5961485999999998e-01	
   5.2618647999999997e-02	  -1.3137403000000001e+00	
   3.0355587000000001e-01	  -3.9311169000000000e-03	
  -7.5479777999999997e-01	  -1.0937532999999999e+00	
   3.8591284999999997e-01	  -9.9705049000000001e-01	
  -5.4547538000000000e-02	  -1.4520796000000000e+00	
  -7.2237591000000001e-01	   1.1900922000000000e+00	
   9.7476373999999999e-01	   8.0869871999999998e-01	
   1.5179326000000000e+00	  -1.3389576000000001e+00	
  -5.8336672999999994e-01	  -7.4307811999999995e-01	
   1.5013834000000001e-01	   4.4151200000000002e-01	
   1.2202173000000001e+00	  -1.0563228000000000e-01	
  -2.2222654999999999e-01	   1.5620394000000001e-01	
   4.8648010000000003e-01	   9.9082864999999998e-01	
   7.2530453999999998e-04	  -3.6641241999999997e-02	
  -4.5082200000000000e-01	  -1.3355918000000000e+00	
   1.0680600000000000e+00	   1.5325225000000000e+00	
  -7.2349243999999993e-02	  -4.2815014000000001e-01	
   1.0992953000000001e+00	  -3.1324287000000001e-01	
   8.8509174000000002e-01	  -3.7226255000000003e-01	
  -1.4243353000000000e-01	   1.6527400999999999e+00	
   9.9070891999999999e-01	  -1.1004072000000000e+00	
  -2.6488388000000002e-01	   1.2840369000000000e+00	
   7.3476092000000004e-01	   1.6289127999999999e+00	
   1.2427850000000000e+00	  -1.3317652000000000e+00	
  -8.4675962999999999e-01	  -8.9627252999999996e-01	
   1.0530007000000000e-01	  -2.0776507000000000e-01	
  -3.3793893000000003e-01	  -9.1021940000000001e-01	
  -1.7658251000000000e+00	   4.5721464000000001e-01	
  -9.4786842000000003e-03	  -3.3620456999999998e-01	
  -1.8750928000000000e-01	  -1.2685381000000000e+00	
  -3.7358673999999997e-01	  -1.0785662000000000e+00	
  -8.6087265999999996e-01	  -1.2078173000000001e+00	
   2.7162038999999999e-01	  -1.5999870000000000e+00	
  -1.0257715000000001e+00	  -9.5016308000000005e-01	
   2.9886458999999999e-01	  -8.1947585999999994e-01	
  -5.4027086000000002e-01	  -6.0144094000000003e-01	
  -4.9938004000000003e-01	  -8.5769017000000003e-01	
   1.6683326999999999e+00	  -1.7659327000000000e+00	
  -1.3842756000000001e-01	  -5.2362419000000000e-02	
   1.7930393999999999e-01	   1.8667893000000000e+00	
   6.6217884999999999e-01	   1.4876018000000000e+00	
   8.1597253000000003e-01	   7.6158327000000003e-01	
   4.1306680000000001e-01	   4.7325682000000002e-01	
   1.3016316000000001e+00	   1.9567535999999999e-01	
  -5.4232833000000003e-01	  -7.3935589000000002e-01	
   5.2431391000000005e-01	  -6.4808516999999999e-01	
  -5.0931249999999995e-01	  -9.3218725000000002e-01	
  -1.8954481999999999e+00	   1.0568194000000000e-01	
   1.3827479000000000e+00	  -1.0163971000000001e+00	
  -7.1470297000000002e-02	   1.4123113000000000e+00	
   1.1818495000000000e+00	   8.0036098999999999e-02	
   1.8805002000000001e-01	   9.1396118999999998e-01	
  -1.2366707000000000e-01	  -1.2682051999999999e+00	
   9.9885325999999997e-01	  -1.1218707999999999e+00	
   4.9558748000000002e-01	   1.5203118000000000e+00	
  -6.1119875999999997e-02	  -1.4007524000000000e+00	
  -1.1689167000000000e+00	   5.6439326999999995e-01	
   1.9352773000000000e-02	  -1.1257543000000001e+00	
  -5.8056434999999995e-01	  -1.3360535000000000e+00	
   3.0299341000000002e-01	  -1.1842949000000000e+00	
  -4.8596983999999999e-01	  -8.8719258999999995e-01	
   1.1128837000000000e+00	   5.6950449999999997e-01	
   1.5376999000000001e-02	  -1.4058995999999999e+00	
   1.1409868000000001e+00	  -2.8598446000000000e-01	
  -1.8716592999999999e+00	  -1.3205916000000000e+00	
  -1.2393136000000000e+00	   7.8797676000000005e-01	
   1.7507828999999999e+00	   1.3328199000000001e+00	
  -6.6820183000000000e-01	   9.1928297999999997e-01	
  -6.3609543999999996e-01	   1.3474185999999999e+00	
  -1.7738620999999999e-01	  -1.4530084000000001e+00	
  -2.1061624000000001e+00	  -1.5086740999999999e+00	
   4.1846406000000003e-01	  -8.9666628999999998e-01	
   3.8957550000000002e-01	   1.2654319999999999e+00	
   1.0847538999999999e+00	  -1.0228140999999999e+00	
   3.7865051000000000e-01	  -7.5503730000000002e-01	
  -9.2613411000000001e-01	   9.1568985999999997e-01	
  -8.0722276000000004e-01	   9.9181474000000003e-01	
   8.8253097999999996e-01	   5.9787354000000004e-01	
  -1.1641257000000001e-01	  -1.2314512000000000e+00	
  -1.6902862000000001e+00	  -1.7642580999999999e-01	
   1.4706018999999999e+00	   1.3945707000000001e+00	
   6.0419005999999997e-02	   1.6438307000000001e+00	
  -5.5358182999999998e-02	  -1.2848020000000000e+00	
   5.7778856000000001e-01	  -6.2192130000000001e-01	
   7.1146399999999999e-01	   7.8666230000000004e-01	
   7.1020419000000001e-01	   1.7029949000000000e+00	
   7.6194779999999995e-01	   1.2493596999999999e-01	
   2.7190363000000001e-01	  -1.1230652999999999e+00	
  -3.4658771999999999e-01	   5.7421442000000000e-01	
  -2.5092197999999999e-01	   3.2673782000000001e-01	
   1.2229764000000001e+00	  -6.0718780000000006e-01	
   4.1043593000000000e-01	   1.0123584999999999e+00	
  -6.2072581000000004e-01	   1.5243724000000001e+00	
  -1.3150759999999999e+00	   1.1189804999999999e+00	
  -3.0035149999999999e-01	  -1.0362901000000000e+00	
   1.5328851999999999e+00	   3.6791264000000001e-01	
   1.4024658999999999e+00	  -1.1276682000000000e+00	
  -7.5834573999999999e-01	   7.9356824999999998e-01	
   1.0301434000000000e+00	  -1.1228514000000001e+00	
   1.2753702000000000e-02	   1.2925203999999999e+00	
   1.1846044000000000e-01	   1.3044964000000001e-01	
  -6.5503758000000001e-01	  -1.4398080000000000e+00	
  -1.7383816000000001e+00	   6.9650195999999998e-01	
   3.8347304999999998e-01	  -8.2356039000000003e-01	
   2.8077105000000002e-01	   3.4345515999999998e-01	
  -4.7890714000000001e-01	   7.1929299000000002e-02	
  -4.4741597000000000e-01	  -1.0044628000000000e+00	
  -3.2979776999999999e-01	   8.2927264000000001e-02	
   1.5260766000000001e-01	  -8.7469370000000002e-01	
   6.0611934999999995e-01	  -8.7666915000000001e-01	
  -1.0211298000000000e+00	  -1.1850037000000000e+00	
  -8.4494570000000002e-01	  -3.7735555999999998e-01	
  -9.7382161000000000e-01	   5.1107411999999997e-01	
   9.4676870999999996e-01	  -8.8766511000000003e-01	
   1.8235896000000000e+00	   1.4304720000000000e+00	
  -1.0745556999999999e+00	   7.0743281000000002e-01	
   1.8704507000000001e-01	  -1.0228708000000000e+00	
  -6.5575696000000003e-02	   1.2422569000000001e+00	
   1.2950588000000001e+00	  -1.2773601999999999e+00	
   1.2109912000000000e+00	  -1.0206259000000000e+00	
  -7.0048387000000001e-01	  -1.2494053000000001e+00	
   9.7431904000000003e-01	   5.1213481999999999e-01	
  -1.5167816000000001e+00	  -1.3985609000000001e+00	
  -3.0994546000000001e-01	   1.4458678000000000e+00	
  -6.7608332000000004e-01	   7.9665326000000003e-01	
   1.1221315999999999e+00	   6.1158230999999996e-01	
   2.8977461999999998e-01	  -5.1461816999999999e-01	
  -5.0182822000000005e-01	   1.8391355000000000e+00	
  -7.5894212000000005e-01	   3.6617945000000002e-01	
   1.1945720000000000e+00	   8.1172449999999996e-01	
   7.0700116999999996e-01	   5.2392497000000003e-02	
  -9.6822949999999997e-01	  -9.1158521000000003e-01	
  -2.3210859000000000e-01	  -8.4329580000000004e-01	
   1.2339007000000000e+00	   4.5812352000000001e-01	
   8.8814296999999998e-01	   8.1677370999999999e-01	
  -1.3342993999999999e+00	  -6.4673480999999999e-01	
  -6.3942010999999999e-01	   5.2192196000000002e-01	
   6.0422450999999999e-01	   5.5504344999999999e-01	
  -1.1144407000000001e+00	   1.7227702000000001e-03	
   6.2373887000000003e-02	  -1.0530196999999999e+00	
   1.8032859999999999e+00	   1.3613637999999999e+00	
  -6.8529108999999999e-01	   7.2745775999999995e-01	
   1.0808108999999999e+00	   3.7752792000000002e-01	
   2.8133602999999998e+00	   1.3016673999999999e+00	
  -1.8101491000000000e-01	   3.4372401000000002e-01	
  -1.7604331000000000e+00	  -6.3182852000000000e-01	
  -1.2944164999999999e-01	  -1.6919594000000000e+00	
   7.6222782000000000e-01	   3.4356817000000001e-01	
  -7.4761520999999997e-01	  -5.7011270000000003e-01	
   8.8625586000000006e-02	  -8.4434069000000000e-01	
  -1.0054810999999999e+00	   4.1243945999999998e-01	
   6.3604844999999999e-01	   7.5565424999999997e-01	
   1.6758822000000000e+00	  -2.9326725999999997e-01	
  -1.6111536000000000e+00	  -1.1313717000000001e+00	
   3.2272571000000000e-01	  -7.9636309000000005e-01	
  -1.3906895000000000e-01	   1.3242634000000000e-01	
   2.8403001000000000e-01	   2.3061099000000000e+00	
  -1.1534631000000000e+00	  -6.5858214000000004e-01	
   4.3293114999999999e-01	   1.6462091999999999e+00	
   1.1950372000000000e+00	  -1.6510054999999999e+00	
   1.3439702000000000e+00	   8.7806240999999996e-01	
  -4.1261181000000002e-01	   1.1749689000000001e+00	
   9.2332888999999996e-01	  -1.0173760999999999e+00	
  -1.5128556000000000e+00	   3.4808384999999997e-01	
   2.5133831000000000e+00	   9.0084958000000004e-01	
  -3.9978807999999999e-01	  -1.1502772000000001e+00	
  -6.6398250000000003e-01	   1.1830357000000000e+00	
   6.7170286000000001e-01	   1.5720638000000000e+00	
  -5.5224111999999999e-02	   8.8207062999999997e-01	
  -5.8997858000000003e-01	  -3.2835531000000001e-01	
  -1.5231288999999999e+00	   3.8776514000000001e-01	
  -1.7661756000000001e-01	  -1.1162934000000000e+00	
  -4.0297223999999998e-01	  -4.8806086999999998e-01	
   1.0527507000000000e+00	  -2.2969004000000001e-01	
  -5.0468742000000000e-01	   1.1663956000000000e+00	
  -1.7699305999999999e+00	  -8.2833972000000000e-01	
  -7.6841451000000005e-01	   2.0929146000000001e-01	
   1.1893876000000001e+00	  -1.3372344000000000e+00	
  -1.6678887000000000e+00	   1.1025763000000000e+00	
  -1.1889213999999999e+00	   1.1368868000000001e+00	
   1.6215313000000000e+00	   1.1896617000000000e+00	
   7.2881556999999997e-01	   1.4886063000000000e+00	
   2.4595301999999999e-01	  -7.6674730000000002e-01	
  -1.7656274999999999e-01	   1.5087535999999999e+00	
   7.8486566999999996e-01	   1.5839982999999999e-01	
   1.0070962999999999e-01	   8.8078095999999995e-01	
   1.6447429000000000e+00	  -6.0539105999999998e-01	
  -7.6956727999999996e-01	   6.3737657000000003e-01	
   1.2475061999999999e+00	  -1.2532525999999999e+00	
  -1.6277654999999999e-02	  -1.0743262000000000e+00	
  -5.1480898000000001e-03	   1.7496410000000000e+00	
  -6.4158981999999998e-01	  -1.3495277000000001e+00	
  -2.0692585000000001e+00	  -5.2132822999999995e-01	
   3.0137555999999999e-01	  -1.2866264999999999e+00	
   1.4867737999999999e+00	  -8.8571155000000001e-01	
   1.0085530000000000e+00	  -9.8388465999999997e-01	
  -1.8540439000000000e+00	  -4.6749538000000002e-01	
   6.7966707999999998e-01	   7.0244034000000000e-01	
  -5.6783834000000000e-01	  -8.7253009999999998e-01	
   4.2918050000000002e-01	   1.9427791000000001e+00	
   1.3136089000000000e+00	   1.0686279999999999e+00	
   1.0398727999999999e+00	   9.0930810000000001e-02	
   2.0551439000000000e+00	   1.1162532999999999e+00	
   9.1448559999999998e-02	   4.9345085000000000e-01	
   1.1456213000000000e+00	   2.4266504000000000e-01	
   9.4246869000000000e-01	   2.4778306000000000e-01	
   6.1068981000000000e-01	   9.7811959999999998e-01	
  -8.7830659000000000e-01	   6.5853510999999998e-01	
  -9.1100912000000006e-02	  -8.4413976000000002e-02	
  -4.9603934000000000e-01	   1.4063429000000001e+00	
   1.6118699999999999e+00	   1.3960885999999999e+00	
  -1.0663346000000000e+00	   2.5630520000000001e-01	
  -9.5841819999999994e-02	  -1.6621558000000001e+00	
  -1.6512438000000000e+00	  -2.0457010000000002e+00	
   4.2720244000000002e-01	   1.9906637000000000e+00	
   2.2037453999999999e+00	   1.2566866000000001e+00	
   1.6187719000000000e-01	  -7.9140462000000000e-01	
   1.9553151000000000e+00	   1.3075825999999999e+00	
   6.0757424999999998e-01	  -1.1818512000000001e+00	
   2.1667576999999998e+00	   1.4483185000000001e+00	
  -8.9897687000000004e-01	  -1.2472802000000001e+00	
  -8.6454374000000000e-01	  -1.1040679000000000e+00	
   1.6863265999999999e+00	  -7.2351734000000001e-01	
  -6.6215694000000005e-02	  -4.7907543000000002e-01	
   1.8641147000000000e+00	   1.1397645999999999e+00	
  -1.8075561000000000e+00	  -5.4318427000000002e-01	
  -1.5100811999999999e+00	   3.8384329000000000e-01	
  -6.9750617000000001e-03	  -1.1511624000000000e+00	
   3.3592195000000002e-01	   6.1079415999999997e-01	
   1.3466874000000000e+00	   2.2906461000000000e-01	
  -1.4252957000000000e-02	   1.5451870999999999e+00	
  -1.6656803000000001e-01	   1.0689834000000000e+00	
  -4.8992880000000000e-01	   1.2529558000000001e+00	
   2.7201788999999998e-01	   8.1348405999999995e-01	
  -1.5282392000000000e+00	   6.5571310999999999e-01	
  -4.5850424000000001e-01	  -1.1122137999999999e+00	
  -1.3126053000000000e+00	  -4.9829278999999999e-01	
   4.4034533999999997e-01	   2.4629013999999999e-01	
   6.6116006999999999e-01	  -1.9896742000000001e-01	
  -6.7953993000000001e-01	  -1.0728534000000001e+00	
   3.0355305999999999e-01	   1.6073242999999999e+00	
  -9.1410919999999996e-01	   1.0666884000000001e+00	
  -1.6759408000000000e+00	   9.2982242999999998e-01	
  -8.7418054000000001e-01	   9.2198152000000000e-01	
   5.7552848999999995e-01	  -3.4248575999999997e-01	
   9.8715865999999997e-01	   8.5812546999999995e-01	
   1.4612620999999999e+00	  -1.0604665000000000e+00	
   1.6324358000000000e-01	  -1.3149430000000000e+00	
   3.1672954000000003e-02	  -8.2063107000000002e-01	
  -6.5052067000000002e-01	   3.6901823000000000e-01	
  -3.9040126000000003e-01	  -2.0865891000000000e-01	
   1.3261626000000000e+00	  -6.7305658000000004e-02	
  -9.9912890000000004e-02	   1.9724600999999999e+00	
  -1.8741075000000000e+00	  -1.0988367000000001e+00	
   6.1729458999999998e-01	  -9.5972386999999999e-03	
  -8.0346658000000004e-01	  -7.8224400999999999e-01	
   2.4309411999999999e+00	   1.3089831000000001e+00	
  -9.6415744000000003e-01	  -1.1744387000000001e+00	
  -2.0522459000000000e+00	  -1.4012819000000001e+00	
  -1.1385338000000000e-01	  -1.4967296000000001e+00	
  -6.0637375999999998e-01	   3.1943016000000002e+00	
   1.1574485999999999e+00	  -4.5807448000000001e-01	
  -1.0633642000000001e+00	   8.1725652999999998e-01	
  -1.4826789000000000e+00	  -6.8204823000000003e-01	
   1.4231270000000000e+00	   3.7379263000000001e-01	
  -4.7214597000000003e-01	   2.6733320999999999e-01	
  -1.0293931000000001e+00	   6.8069694999999997e-01	
   1.2937291000000000e+00	   1.5312191999999999e-01	
  -1.1904953000000000e+00	  -9.3933794000000004e-01	
  -1.4213140000000000e+00	   6.2350196999999996e-01	
  -2.1253473000000001e+00	   6.7801007999999996e-01	
  -1.0315936000000001e+00	  -4.2186886000000001e-01	
   5.5264442999999996e-01	  -1.7220216999999999e-01	
  -7.7994350000000001e-01	  -1.3685015000000000e+00	
  -1.6837864000000000e-01	   1.3204083000000000e+00	
   4.6477941000000000e-01	  -1.2579646000000000e+00	
   1.6104012000000001e+00	   5.8190390000000003e-01	
  -1.4135600000000001e-01	  -7.9703877000000001e-01	
   1.1392945999999999e+00	  -2.0871612000000000e-01	
  -1.1108899000000001e+00	   3.0847117000000002e-01	
   7.2533347000000004e-01	   1.3254499000000000e+00	
   1.1323464999999999e+00	   3.3029744999999999e-01	
  -3.1606161999999999e-01	   1.7727581000000001e-01	
   1.2560104000000001e+00	   7.9882887999999996e-01	
   1.8700235999999999e+00	   1.1341057000000001e+00	
