   1.1479239000000001e+00	   4.3611500999999997e-02	
  -1.0689047000000000e+00	  -1.1107062999999999e+00	
  -7.7597727000000005e-01	   1.2704114999999999e-01	
  -2.2245672000000000e-01	   2.4653398000000002e+00	
  -5.2231740000000004e-01	  -1.3386731000000001e+00	
   9.0433774000000000e-01	   1.0375007000000001e+00	
  -8.1717583000000005e-01	  -1.1856673000000000e+00	
   3.4349803000000001e-01	  -1.1377614000000000e+00	
   6.6169786999999994e-02	   1.6206541000000001e+00	
  -3.9702378999999999e-01	   1.3150900999999999e+00	
  -2.6853577000000001e-01	   9.6090911999999995e-01	
  -1.1278010000000001e+00	  -4.4281267000000002e-01	
  -1.9220607999999999e+00	  -1.5026979000000000e+00	
   2.1112780999999998e+00	   9.4190377999999997e-01	
  -1.3331797000000001e+00	  -4.5704112999999998e-02	
  -9.7655868999999995e-01	   6.3870700000000002e-01	
   1.5743537999999999e+00	  -9.0800963999999998e-02	
  -6.7996632999999995e-01	   3.1401955999999998e-01	
  -1.0923679000000000e-01	  -1.3195999000000000e+00	
   3.8659461000000001e-01	   1.7147323999999999e+00	
  -1.3906895000000000e-01	   1.3242634000000000e-01	
   6.3606578000000003e-01	   1.3382400000000001e+00	
  -2.0970665999999998e+00	  -1.0561220000000000e+00	
   1.0539375000000000e+00	   1.0692999000000001e+00	
   2.9886458999999999e-01	  -8.1947585999999994e-01	
   4.6458254999999998e-01	   2.8270282000000002e-01	
   6.0436683999999996e-01	   3.7410025000000002e-01	
   2.2246644999999998e+00	   1.1791820000000000e+00	
  -1.1244527000000000e+00	   5.5937521999999995e-01	
  -6.7354391000000002e-01	  -6.2047333000000005e-01	
  -5.3130749999999997e-02	  -1.2607263000000000e+00	
   9.3916694000000001e-01	  -3.5129503000000001e-01	
   4.3363098999999999e-01	   2.1940802000000001e+00	
  -2.2499202000000000e+00	   1.6699850999999999e-01	
   2.8366018999999998e-01	   2.3725969000000000e+00	
   8.2615890999999997e-01	   1.4188182000000000e+00	
  -7.1894241000000003e-01	   2.4208215999999999e-01	
   3.9979953000000001e-01	   1.6799371000000001e+00	
   1.2102742000000000e+00	   3.0640497999999999e-01	
   1.0606188000000001e+00	  -2.3214694999999999e-01	
   2.1050474999999999e-01	  -1.2776704000000001e+00	
  -1.5964155000000000e+00	  -4.1443108999999999e-02	
   1.1768844000000001e-01	  -1.3683278000000001e+00	
  -1.4186164000000001e+00	  -3.5961485999999998e-01	
   7.6778438000000004e-01	  -1.2486052000000001e+00	
  -1.4930005000000000e+00	  -3.2486047999999998e-03	
  -1.4339739000000000e+00	   2.4484935999999999e-01	
   2.0152454000000000e-01	  -1.3740599000000000e+00	
   2.2370886999999999e-02	   1.4296986000000000e+00	
   1.5179326000000000e+00	  -1.3389576000000001e+00	
  -9.8215102999999998e-02	   3.9465842000000001e-01	
  -2.0108505000000001e+00	   4.3905130999999997e-01	
  -4.2848636000000001e-01	  -5.0886098999999996e-01	
   1.0116004000000001e+00	   1.5711066000000000e+00	
  -2.7678489000000002e+00	   9.6217258999999999e-02	
   9.3172787999999995e-01	   5.0129687999999994e-01	
  -9.5421171000000005e-01	   6.8670080000000000e-01	
   5.5206487999999998e-01	  -2.4391744000000001e-01	
   1.2166924000000000e-01	   5.9927617000000000e-01	
   8.2984073999999997e-01	  -9.3879508000000000e-01	
   4.7073749999999998e-01	   1.3938178999999999e+00	
   3.8809228000000001e-01	   4.8427256000000002e-01	
   1.5885083000000000e+00	  -9.6322836999999994e-02	
  -4.5660369000000001e-01	  -3.2161341999999998e-01	
   1.3397555000000001e+00	   1.3654162999999999e+00	
  -7.8352476999999998e-01	  -1.0457299000000000e+00	
  -6.8464163000000000e-01	   9.8932304999999998e-01	
  -8.3929078000000001e-01	   1.1080022000000000e-01	
  -1.8702840999999999e+00	  -5.5544411999999999e-01	
   5.2551527000000001e-02	   1.4213808000000001e+00	
  -1.0441605000000000e-01	  -1.1454086000000001e+00	
  -7.7937392999999999e-01	  -1.0398166000000000e+00	
  -1.7412639000000001e+00	  -5.2050010999999996e-01	
   9.1705071999999999e-01	   2.3087595999999999e-01	
   5.6042082000000004e-01	   1.1786190000000001e+00	
   8.0484233000000005e-01	  -2.3684258000000000e-01	
   5.7639189999999996e-01	  -6.6511405999999995e-01	
  -1.7547180999999999e-02	  -1.2140036999999999e+00	
  -4.3580443000000002e-01	   1.4487695000000000e+00	
  -8.4372119999999995e-01	   3.7078243999999999e-01	
   2.2388479000000000e-01	   1.7476710000000000e+00	
  -1.7773030999999999e+00	  -8.4308499000000003e-01	
   5.4296275000000005e-01	   9.1303884999999996e-01	
   6.1358882000000003e-01	  -1.5722332999999999e-01	
   1.0068757000000000e-01	   1.9315043999999999e+00	
  -7.0061317999999995e-01	   1.1694321000000001e+00	
   5.7191437000000001e-01	  -1.2418013000000001e+00	
  -1.3866991000000000e+00	  -2.8248617999999998e-01	
  -2.5624693000000001e+00	  -7.8385908000000004e-02	
   1.2122354000000000e+00	   1.5106584000000001e-01	
   2.0108875000000001e-01	   2.3980971000000001e-03	
  -5.7440086000000001e-01	   1.3153598000000000e+00	
  -1.2778602999999999e-02	  -1.2692583000000000e+00	
   8.6690699000000004e-01	   8.0993428000000001e-01	
   1.2181750000000000e-01	  -4.0951510000000003e-02	
  -5.2967363999999995e-01	   1.0061528000000000e-01	
   2.9558932999999998e-01	   1.5142755000000001e+00	
  -1.5045773000000000e+00	  -8.2862787000000004e-01	
  -1.3717740000000000e+00	   9.6798921000000004e-01	
   5.4579003999999998e-01	  -1.9548913000000001e-01	
  -6.3635923000000005e-01	  -9.8823196000000002e-01	
  -6.3996297000000002e-01	   7.0546533000000000e-01	
   1.4658689000000000e+00	  -1.2941134999999999e+00	
  -6.3433351000000004e-01	  -1.1454017999999999e+00	
   9.0532840000000003e-01	  -5.5120652999999997e-01	
  -5.8322070000000004e-01	  -1.3473856000000000e+00	
  -1.3060722000000000e+00	  -9.0281405999999997e-01	
  -2.0934205000000001e+00	  -1.2220629000000001e+00	
   8.4268502999999995e-01	   6.3423025000000000e-01	
   1.2271752000000000e+00	  -1.4605132000000001e-01	
   4.0237959000000001e-01	  -3.9023701000000000e-01	
  -4.3942562000000002e-01	   1.3704175000000001e+00	
   3.7136677000000001e-01	  -1.2271166000000000e+00	
   4.1704934999999999e-01	  -1.5430268000000000e+00	
   2.0420584999999999e-01	  -1.2935775000000000e+00	
   2.1979110999999998e+00	   9.3540305999999995e-01	
  -7.6773720000000001e-01	  -1.0354308999999999e+00	
   9.9121232000000004e-02	  -1.0503058000000001e+00	
   1.2773771000000000e+00	  -3.4055692999999998e-01	
  -7.5254664000000004e-01	  -6.1450771000000001e-02	
  -4.3314518000000003e-02	   6.0497911000000004e-01	
   7.8807143999999996e-02	  -9.9847019999999995e-02	
  -3.0718392999999999e-01	   9.3824068999999999e-01	
  -4.5138956000000002e-01	   7.2285429000000001e-01	
   3.8576579999999999e-01	   1.9150487000000000e+00	
  -6.8314151000000001e-01	   4.1909457000000000e-01	
  -1.0539805000000000e+00	  -4.0004836999999999e-01	
  -2.9813213000000000e-01	   1.5837904999999999e-01	
   1.0808108999999999e+00	   3.7752792000000002e-01	
   7.6653554000000002e-01	  -2.4755281000000001e-01	
  -2.8458749999999999e-01	   1.9835073000000001e+00	
   9.1689909000000003e-01	   5.2478555999999998e-01	
  -1.8413207000000000e+00	  -9.5812624000000002e-01	
   7.3618148999999999e-01	   1.6398903000000000e+00	
   1.0544013000000001e+00	   4.0943519000000000e-01	
  -8.6087265999999996e-01	  -1.2078173000000001e+00	
   1.7083244000000000e-01	  -5.0222065000000005e-01	
  -7.8637270999999997e-01	  -6.3969524000000000e-01	
   1.9325671000000000e+00	   1.6514609999999999e-01	
  -1.6627939999999999e-01	   1.6533658000000001e-01	
   5.2144318000000001e-01	  -1.0420157000000001e+00	
   6.1068981000000000e-01	   9.7811959999999998e-01	
  -3.7680058999999999e-01	  -6.1696408999999997e-01	
  -3.7624358000000002e-01	   1.3327806000000000e+00	
  -3.2610550999999999e-01	   7.6876106999999999e-02	
   8.9349825000000005e-01	  -3.2698381999999998e-01	
   3.4612432999999998e-02	   1.6992966000000000e+00	
   5.2693139000000000e-01	   1.1840468000000000e+00	
  -1.9671544000000001e+00	   6.1139540000000003e-01	
   8.2881914000000001e-01	  -3.0478043999999999e-01	
   1.5054297999999999e-01	   3.2151522999999999e-01	
  -6.8787405000000001e-01	   7.0916268000000005e-01	
  -3.1001390000000001e-01	  -1.3761814999999999e+00	
  -2.6075623999999997e-01	   2.0411203000000000e-01	
  -1.3946692999999999e+00	   1.0941251999999999e+00	
   1.3865278000000001e+00	  -1.3035802000000001e-02	
   3.8739859999999998e-01	  -7.9824311999999997e-01	
  -1.0364975999999999e+00	   1.3322997000000001e+00	
  -3.4309426999999998e-01	  -1.3910822000000000e+00	
  -1.0629504999999999e+00	   6.6516050999999998e-01	
  -1.1599450000000000e+00	  -2.8474505000000000e-01	
  -8.5316294999999998e-01	  -1.1747721000000000e+00	
  -6.9890531000000006e-02	  -1.2020952000000000e+00	
  -3.8849487000000002e-02	  -9.8421800999999998e-01	
  -1.9393480000000001e+00	  -2.7272005999999999e-01	
  -6.2071197000000000e-01	   4.2513868999999999e-01	
  -3.1378494000000000e-02	  -1.0140682999999999e+00	
  -5.9204628999999998e-01	  -1.1695818000000000e+00	
  -1.5301328999999999e+00	   5.0054631999999999e-01	
   4.4709832999999999e-01	   9.1966451999999999e-01	
  -3.5564653000000002e-01	  -1.1597364999999999e+00	
   4.9424572999999999e-01	   1.1751280000000000e+00	
  -6.0496154000000003e-02	   1.6483325000000000e+00	
  -9.5972681000000004e-01	   1.3425678999999999e+00	
  -7.1245621999999997e-01	  -1.0981685999999999e+00	
  -1.2075560999999999e+00	  -8.5427989000000004e-01	
   6.7966707999999998e-01	   7.0244034000000000e-01	
   7.4816928999999999e-01	   1.8068531000000001e+00	
  -8.9226362000000004e-01	   1.2486659000000000e+00	
  -3.9703432999999999e-01	   5.6310908000000004e-01	
   1.4867737999999999e+00	  -8.8571155000000001e-01	
   2.0627005000000000e+00	  -4.8153976999999998e-01	
   1.9539517000000000e+00	  -1.0241541000000001e+00	
  -8.0619774000000000e-01	   9.4121359999999998e-01	
   1.6839350000000000e-01	  -1.0627405999999999e+00	
   8.0171221999999998e-01	   4.3090129999999999e-01	
  -7.5283188999999995e-01	   1.0987442999999999e+00	
   8.5381239999999994e-03	   1.3095013000000000e+00	
   5.7729792000000002e-01	   6.2753979999999998e-01	
   2.0632200000000001e-01	   1.1941815000000000e+00	
   1.2962275000000001e-01	  -4.6884261999999999e-01	
   1.0694303999999999e+00	  -1.3819014000000001e+00	
  -7.8532093999999997e-01	  -3.6131572000000001e-01	
   2.5732851999999999e+00	   9.8866752999999996e-01	
   6.5854826000000000e-01	   1.2822444000000000e+00	
  -4.5026389999999999e-01	  -1.5893718999999999e+00	
  -5.3940743999999996e-01	   2.9165928000000002e-01	
  -6.6657434000000004e-01	  -8.9534325000000003e-01	
   3.0840056999999998e-01	  -1.0558369000000001e+00	
   4.4020330000000002e-01	  -9.3584371000000000e-01	
   9.1156241000000005e-01	   2.0952983000000001e+00	
  -1.5992430999999999e-01	  -1.3621289000000001e+00	
  -1.3744919000000000e+00	  -2.0495643000000000e-01	
   1.1471671999999999e+00	   1.6831213000000000e+00	
  -6.3153316999999998e-01	   1.3502004000000001e+00	
  -8.3279314000000004e-01	  -1.2304543999999999e+00	
   1.1371084000000000e+00	   6.4652655999999997e-01	
   9.3460975000000002e-02	   2.0984159000000000e+00	
  -8.8207208000000004e-01	  -5.8197739999999998e-01	
  -1.4730806999999999e+00	   5.2034577999999998e-01	
   3.6370649999999999e-01	  -2.6942671000000001e-01	
   1.0077088999999999e+00	   4.4554903000000001e-01	
  -9.7776166999999997e-02	  -4.2360608999999999e-01	
   1.2258365000000000e+00	   9.9850886999999999e-02	
   1.3418061999999999e+00	  -6.3171529999999998e-01	
  -9.7969870000000003e-01	  -1.4864316000000000e+00	
   1.3095098000000001e+00	  -2.3813591000000001e-01	
   8.3411935000000004e-01	  -1.7675610000000000e-01	
   8.8625586000000006e-02	  -8.4434069000000000e-01	
   4.1370945999999997e-01	   1.1574241999999999e+00	
   5.6863353999999999e-01	  -5.3826046000000005e-01	
  -1.2480869999999999e+00	  -6.8908406000000000e-01	
  -4.1054953000000000e-01	  -1.4073024000000001e+00	
  -1.7046687000000000e+00	   4.2235892000000003e-01	
  -1.0162916000000000e+00	   6.1868330000000005e-01	
   8.6255822000000004e-01	  -1.0237204000000000e+00	
   1.4296170000000000e-01	   8.4505587999999998e-01	
  -1.5684582000000000e+00	  -5.6056282999999996e-01	
  -3.5070485000000001e-01	  -1.0030526000000000e+00	
  -1.5820702000000000e+00	   8.0708994999999994e-01	
   9.9605997000000002e-01	  -1.6981274000000000e+00	
   1.6352651000000000e+00	   1.1151192999999999e+00	
  -5.3360841000000003e-01	  -1.4036478999999999e+00	
   1.2165134000000000e+00	  -1.4588728000000000e+00	
  -4.5850424000000001e-01	  -1.1122137999999999e+00	
  -1.6567548999999999e+00	   8.3458854000000005e-01	
  -9.7186315999999995e-01	  -1.0778825999999999e+00	
  -5.3687406000000004e-01	  -2.2328722000000001e-01	
   1.7569757999999999e-01	  -1.1101068999999999e+00	
   9.6770160999999993e-02	  -2.2540402000000001e-01	
   1.3362529999999999e+00	  -1.0736872000000000e+00	
   6.7987481000000005e-01	   7.3917211000000005e-01	
   6.8256057000000003e-01	  -3.4663401000000003e-02	
   1.4454670000000001e+00	  -1.0343808999999999e+00	
  -2.0619516999999998e+00	  -1.2300846999999999e+00	
  -3.5820860999999998e-01	  -1.0226390000000001e+00	
   1.9586164000000000e-01	   1.2701513000000000e+00	
  -1.7801792000000000e-01	  -2.3821628000000000e-01	
  -3.7006338000000000e-01	   1.4784154000000000e+00	
  -3.3587725000000002e-01	  -5.2311002000000002e-02	
   1.0837772999999999e+00	   8.8001653999999999e-02	
   6.0238433999999996e-01	   1.0622256000000001e+00	
  -1.6458272000000000e+00	  -6.9241696000000005e-02	
  -1.0219117000000000e+00	  -1.1801562999999999e+00	
  -1.2932128000000001e+00	   8.9113209999999998e-01	
   1.0313818000000000e-01	   3.2948759999999999e-01	
  -3.2853841000000000e-01	  -8.5803870999999998e-01	
  -3.0605679000000002e-01	   2.2761214999999999e+00	
  -1.7996734999999999e+00	   6.7626052999999997e-01	
  -8.2358534999999999e-01	  -4.7125031000000001e-01	
  -3.2758408000000000e-01	   2.3158369000000001e-01	
   1.0519803000000001e+00	   6.5120458000000003e-01	
   1.4051032000000001e+00	  -4.4671362999999997e-01	
   5.1932683999999997e-04	   2.8219833999999999e-01	
   6.3711253999999995e-01	   1.5456371000000000e+00	
   4.7741198000000001e-01	  -1.2366045000000001e+00	
  -1.8075561000000000e+00	  -5.4318427000000002e-01	
  -1.4553020999999999e-01	  -8.6889729999999998e-01	
   5.2053748000000000e-01	   5.5984601000000001e-01	
  -3.0502605999999999e-01	   1.9375501000000001e-01	
  -6.5144864000000002e-01	  -5.2836483999999995e-01	
  -9.7331895999999996e-01	  -1.2599915000000000e-01	
  -1.8708959999999999e+00	  -1.0014425000000000e+00	
   2.6953971999999998e-01	   6.9585079000000005e-01	
   1.4563417000000001e+00	   6.5138410999999996e-01	
  -1.3444649000000000e-01	  -1.0962631000000000e+00	
   1.0382108000000001e+00	   9.2958901000000005e-01	
  -1.1775291999999999e+00	  -1.2190650000000000e-01	
   1.8792063999999999e+00	   1.1576212000000000e-01	
  -2.3527182999999999e-01	  -1.2162841000000000e+00	
   6.3664463000000004e-01	   1.2493346000000001e+00	
  -9.4466930999999998e-01	  -1.4344144000000001e+00	
   5.5068810999999995e-01	   9.2144188000000005e-01	
  -9.9249410999999998e-01	  -1.5574624000000000e-02	
  -6.0996603000000005e-01	   8.8788054000000002e-03	
   7.7022179000000002e-01	   1.3977830000000000e+00	
  -7.3369317999999994e-01	  -1.0949884000000001e+00	
  -6.3809349000000004e-01	  -7.5159019000000005e-01	
  -9.8339622000000004e-01	   1.1047183000000000e+00	
   5.3525635999999999e-01	   5.0421548000000005e-01	
  -6.1322836999999997e-01	   1.0981508000000000e+00	
   3.0305278000000002e-01	  -9.4027269999999996e-01	
  -3.7222646999999998e-01	  -1.1074818000000000e+00	
  -1.4448928000000001e+00	  -7.4627108999999997e-02	
  -1.0339560999999999e+00	   1.0067604000000001e+00	
   3.6168113000000002e-01	   1.5918994000000000e+00	
   3.8786800999999999e-01	   8.6327441000000005e-01	
  -5.8125229000000000e-01	   5.8188625000000005e-01	
   8.5801921999999997e-01	   3.9915241000000001e-01	
   1.1354902000000000e+00	  -1.1378377000000001e-01	
   6.3546360000000002e-01	   1.6682789000000000e+00	
  -7.0658153999999995e-01	  -3.7824313999999998e-01	
   9.7624354999999996e-01	  -1.3866924000000000e+00	
  -8.1301637999999998e-01	  -5.6974862999999998e-01	
  -7.5155556999999995e-01	  -3.1857538000000002e-01	
  -1.2965616000000000e+00	   1.1602671000000000e+00	
   1.7948653000000001e+00	  -8.3448677999999998e-01	
  -9.3556225000000004e-01	  -1.5002126000000000e+00	
  -7.7856658000000001e-01	  -1.2011312000000001e+00	
  -1.6933064000000000e-01	  -1.3519645999999999e-01	
  -1.5685605000000000e+00	  -4.0092306999999999e-01	
  -6.7718718999999997e-02	   1.7359328999999999e+00	
  -1.5167816000000001e+00	  -1.3985609000000001e+00	
  -6.6398250000000003e-01	   1.1830357000000000e+00	
  -7.0849707999999997e-02	   4.3862669999999998e-01	
  -1.7367638000000001e+00	   3.6665342000000001e-01	
  -2.1444487000000001e-01	  -2.3477405000000001e-01	
  -8.4335567000000000e-01	   1.4014892000000001e+00	
  -7.4135885999999995e-01	   9.7909544999999998e-01	
   9.0331435000000004e-01	  -3.3879782000000003e-01	
  -4.3009489000000001e-01	  -1.3989589000000000e+00	
   1.8753553999999999e+00	  -2.8946984999999997e-01	
   5.1759615000000003e-01	   1.4063744000000000e+00	
   8.3547945999999995e-01	   1.2449507000000000e+00	
   5.6281784000000001e-01	   6.6052465000000005e-01	
   2.6161873000000002e-01	  -6.7270249000000004e-01	
   5.3832404000000000e-01	   1.3793706999999999e+00	
  -1.8567597000000000e-01	  -9.2470245000000006e-02	
  -1.2015431999999999e+00	   4.5479870999999999e-01	
  -1.1032915000000001e+00	  -1.1287822000000001e+00	
   1.0070962999999999e-01	   8.8078095999999995e-01	
   1.9465299000000000e+00	   1.5270343000000000e+00	
  -1.2773774000000000e+00	  -1.1232070999999999e+00	
  -7.6617151999999999e-01	   1.0600773999999999e+00	
   1.1392945999999999e+00	  -2.0871612000000000e-01	
  -2.1532053000000001e-01	   5.4894611000000004e-01	
   1.1275180000000000e+00	  -1.1598723999999999e-02	
  -4.3369123999999998e-01	   1.9785623999999999e+00	
  -9.3439691000000002e-01	  -1.5806112999999999e+00	
  -6.5092636999999998e-01	   1.1246081999999999e+00	
  -5.3908597999999996e-01	   6.4813969999999999e-01	
  -3.9988569000000002e-01	  -1.3653668000000001e+00	
  -5.2361113000000004e-01	  -1.0869086999999999e+00	
   1.5919251999999999e+00	  -5.2228158000000002e-01	
   9.6963674000000000e-02	  -5.9288879000000005e-01	
  -1.0792139000000001e-01	   1.7011801000000000e+00	
  -4.3969584000000000e-01	   1.2243028000000000e+00	
  -3.2275189999999998e-01	  -2.1345712000000000e-01	
  -1.6687282000000001e+00	  -4.5134896000000001e-03	
   1.2384405999999999e+00	   7.8965271000000004e-01	
   1.5034892000000000e+00	  -6.0758934000000001e-02	
   9.2429066000000004e-01	   8.6064719999999995e-01	
  -1.3015124000000000e+00	  -1.0818631999999999e+00	
   1.0390722999999999e+00	  -1.1310604000000000e+00	
  -2.6380123000000000e-03	  -1.0179286999999999e+00	
   1.2048413000000000e+00	   3.1764114999999998e-01	
   1.9767022000000001e-01	  -1.4116302999999999e+00	
  -1.0969998999999999e+00	   8.1097094999999997e-01	
  -7.3250272000000005e-01	  -1.3379734000000001e+00	
   9.1393060999999994e-03	   4.3122245999999997e-01	
   3.9897046999999998e-02	  -1.2770078000000000e+00	
  -1.4252957000000000e-02	   1.5451870999999999e+00	
   2.7162038999999999e-01	  -1.5999870000000000e+00	
  -5.9517854999999997e-01	   1.4596258000000000e+00	
   3.1103607999999999e-01	   1.6773016000000001e+00	
  -6.0961831000000000e-01	  -3.0589636999999997e-01	
   1.1147870000000000e+00	   4.2773733000000003e-01	
   1.3727081999999999e+00	   4.2776572000000002e-01	
  -6.3478153000000004e-01	   1.9378933000000000e+00	
   4.3946721000000001e-02	   2.0340379999999998e+00	
  -6.9702248999999994e-02	   1.5557645000000000e+00	
  -4.7979892000000002e-01	  -9.1298975999999998e-01	
  -1.7537961000000000e+00	  -1.6277623999999999e+00	
   1.4538453000000000e+00	  -5.0738793999999998e-01	
  -1.0479069999999999e+00	  -3.8177923000000002e-01	
  -9.9369483999999997e-01	   1.1416417000000001e+00	
  -1.5809614000000001e+00	   4.5590772000000002e-01	
  -7.8304856000000000e-01	  -1.3327709000000001e+00	
   1.9265960000000000e+00	   1.4080485000000000e+00	
  -8.9078356999999997e-01	   9.9994872999999995e-01	
   2.7593876000000001e-01	  -2.1764969000000001e-01	
   1.2625698999999999e+00	  -5.5311531999999997e-01	
  -1.7408239999999999e+00	  -1.8327171000000000e+00	
  -5.6581652999999998e-01	  -1.6208099000000000e+00	
  -7.9339753999999996e-01	   9.0464394000000004e-01	
  -5.8809093000000001e-01	  -1.3460160999999999e+00	
   4.0109687999999999e-01	  -1.3130938999999999e+00	
  -1.0218389000000001e+00	   8.8303248999999995e-01	
  -9.9463495999999996e-01	  -8.3230636000000002e-01	
  -1.1995826999999999e+00	  -4.5059701000000002e-01	
   1.4029501000000000e+00	   7.4633693000000001e-01	
  -1.1104164000000001e+00	   1.1031114000000000e+00	
   4.1786416999999998e-01	   6.1628371000000004e-01	
   6.6141771999999999e-01	   1.4691240000000000e-02	
   2.8078600999999997e-01	  -3.9982461000000002e-01	
  -3.4742832000000001e-01	  -5.5609500000000001e-01	
  -3.9096665000000003e-01	   1.0288606000000000e+00	
  -1.9026407999999999e+00	   8.5633943999999995e-01	
   2.5261216000000002e+00	   1.4978309000000001e+00	
   1.2261668999999999e+00	  -1.3964249000000000e+00	
